TransactionDate,CustomerAgeBucket,State,CustomerGender,CustomerIncomeGroup,MarketChannel,ProductCategory,ProductSubCategory,ProductBrand,ProductName,UnitCost,ProductCost,NumberOfUnits,DiscountRate,TotalCost,ShippingCost,Profit,PaymentMethod,DeliveryTime
2023-12-02,46-55,GA,Other,Middle,Organic,Electronics,Smartphones,Apple,iPhone 15,967.0,800.0,4.0,14.0,3867.0,24.0,643.0,Credit Card,6.0
2023-12-02,18-25,PA,Other,Middle,Email,Electronics,Smartphones,Samsung,Galaxy A32,282.0,250.0,1.0,13.0,282.0,13.0,19.0,Credit Card,4.0
2023-12-02,46-55,CA,Female,High,Others,Home,Furniture,Ashley Furniture,Bed Frame,239.0,100.0,3.0,6.0,718.0,30.0,388.0,Digital Wallet,4.0
2023-12-02,18-25,TX,Female,High,Email,Electronics,Smartphones,Apple,iPhone 15,907.0,800.0,1.0,20.0,907.0,11.0,96.0,Credit Card,4.0
2023-12-02,56-65,CA,Female,High,Affiliates,Home,Furniture,Ashley Furniture,Bed Frame,220.0,100.0,1.0,13.0,220.0,16.0,104.0,Credit Card,4.0
2023-12-02,36-45,CA,Female,Middle,Others,Beauty,Makeup,Revlon,ColorStay Lipstick,14.0,15.0,4.0,27.0,56.0,5.0,-8.0,Credit Card,5.0
2023-12-02,26-35,IL,Other,High,App,Home,Furniture,IKEA,Billy Bookcase,102.0,100.0,3.0,6.0,307.0,34.0,-27.0,Credit Card,5.0
2023-12-02,46-55,TX,Other,High,Others,Home,Furniture,IKEA,Billy Bookcase,149.0,100.0,3.0,11.0,448.0,32.0,116.0,Credit Card,5.0
2023-12-02,66+,OH,Female,Middle,Affiliates,Clothing,Jeans,Wrangler,Regular Fit,45.0,35.0,1.0,32.0,45.0,7.0,3.0,Digital Wallet,2.0
2023-12-02,46-55,NY,Other,Middle,PPC,Beauty,Makeup,Maybelline,Lash Sensational Mascara,9.0,10.0,8.0,29.0,75.0,12.0,-17.0,BNPL,8.0
2023-12-02,26-35,CA,Female,Middle,Others,Beauty,Skincare,Neutrogena,Hydro Boost Gel,20.0,20.0,6.0,30.0,122.0,6.0,-4.0,Digital Wallet,4.0
2023-12-02,26-35,FL,Female,Middle,Organic,Home,Beds,Tempur-Pedic,Cloud Supreme,1940.0,1800.0,6.0,10.0,11638.0,72.0,766.0,Debit Card,2.0
2023-12-02,18-25,PA,Male,High,Organic,Electronics,Laptops,Apple Laptop,MacBook Air M2,1090.0,1000.0,1.0,11.0,1090.0,17.0,73.0,Debit Card,2.0
2023-12-02,26-35,PA,Male,Middle,Organic,Home,Furniture,Ashley Furniture,Dining Table,296.0,200.0,1.0,9.0,296.0,20.0,76.0,Digital Wallet,5.0
2023-12-02,36-45,CA,Female,High,Others,Clothing,T-Shirts,Nike,Pro,31.0,30.0,4.0,23.0,124.0,7.0,-3.0,Debit Card,6.0
2023-12-02,66+,FL,Male,Middle,Organic,Beauty,Makeup,Revlon,PhotoReady Concealer,13.0,12.0,3.0,23.0,38.0,7.0,-5.0,BNPL,3.0
2023-12-02,36-45,CA,Male,Middle,Organic,Electronics,Smartphones,Apple,iPhone 14,828.0,700.0,4.0,17.0,3312.0,23.0,489.0,Credit Card,4.0
2023-12-02,36-45,CA,Female,Middle,App,Clothing,T-Shirts,Adidas,Essentials,31.0,35.0,1.0,30.0,31.0,4.0,-8.0,Debit Card,3.0
2023-12-02,56-65,TX,Female,Middle,Others,Beauty,Skincare,Neutrogena,Hydro Boost Gel,17.0,20.0,3.0,34.0,50.0,6.0,-16.0,Credit Card,6.0
2023-12-02,46-55,FL,Male,High,Email,Home,Beds,Serta,Perfect Sleeper,851.0,750.0,1.0,7.0,851.0,22.0,79.0,Credit Card,4.0
2023-12-02,36-45,CA,Female,Middle,PPC,Electronics,Laptops,Dell,XPS,1380.0,1300.0,3.0,13.0,4141.0,24.0,216.0,Digital Wallet,10.0
2023-12-02,36-45,TX,Male,Middle,Affiliates,Clothing,T-Shirts,Nike,Dry-FIT,19.0,20.0,7.0,35.0,132.0,12.0,-20.0,Credit Card,6.0
2023-12-02,56-65,FL,Male,High,Others,Home,Furniture,IKEA,Billy Bookcase,130.0,100.0,3.0,7.0,391.0,33.0,58.0,Digital Wallet,5.0
2023-12-02,56-65,CA,Female,Middle,Organic,Beauty,Skincare,Neutrogena,Hydro Boost Gel,18.0,20.0,1.0,25.0,18.0,3.0,-5.0,BNPL,3.0
2023-12-02,46-55,TX,Female,High,Organic,Electronics,Laptops,Apple Laptop,MacBook Pro M3,1619.0,1500.0,3.0,10.0,4857.0,26.0,331.0,BNPL,5.0
2023-12-02,36-45,CA,Male,Low,PPC,Home,Beds,Tempur-Pedic,Cloud Supreme,1911.0,1800.0,1.0,8.0,1911.0,19.0,92.0,Credit Card,3.0
2023-12-02,36-45,PA,Other,High,Others,Electronics,Laptops,HP,Pavilion,631.0,600.0,1.0,14.0,631.0,17.0,14.0,Digital Wallet,4.0
2023-12-02,18-25,IL,Male,Middle,Others,Beauty,Makeup,Revlon,PhotoReady Concealer,12.0,12.0,8.0,29.0,99.0,11.0,-8.0,Digital Wallet,7.0
2023-12-02,46-55,IL,Other,High,App,Electronics,Smartphones,Samsung,Galaxy S21,673.0,500.0,4.0,12.0,2691.0,27.0,664.0,Digital Wallet,11.0
2023-12-02,18-25,IL,Male,Middle,App,Beauty,Skincare,Neutrogena,Rapid Wrinkle Repair,23.0,20.0,4.0,29.0,90.0,9.0,1.0,Credit Card,6.0
2023-12-02,36-45,TX,Female,Middle,Email,Electronics,Smartphones,Apple,iPhone 14,853.0,700.0,1.0,14.0,853.0,11.0,142.0,Digital Wallet,5.0
2023-12-02,46-55,TX,Male,High,Organic,Home,Furniture,IKEA,Billy Bookcase,128.0,100.0,1.0,12.0,128.0,18.0,10.0,Credit Card,5.0
2023-12-02,36-45,PA,Male,Low,Organic,Home,Furniture,Ashley Furniture,Bed Frame,220.0,100.0,3.0,10.0,661.0,34.0,327.0,Debit Card,6.0
2023-12-02,36-45,TX,Other,Middle,Affiliates,Beauty,Makeup,Maybelline,Fit Me Foundation,18.0,15.0,1.0,27.0,18.0,5.0,-2.0,Debit Card,4.0
2023-12-02,26-35,OH,Male,Middle,Others,Beauty,Makeup,Maybelline,Fit Me Foundation,19.0,15.0,6.0,29.0,111.0,8.0,13.0,Debit Card,5.0
2023-12-02,26-35,NC,Other,Low,Affiliates,Beauty,Makeup,Maybelline,Fit Me Foundation,16.0,15.0,6.0,27.0,97.0,11.0,-5.0,Debit Card,6.0
2023-12-02,36-45,TX,Male,High,App,Beauty,Skincare,Neutrogena,Rapid Wrinkle Repair,20.0,20.0,1.0,29.0,20.0,5.0,-5.0,Debit Card,6.0
2023-12-02,36-45,CA,Female,Middle,App,Electronics,Smartphones,Samsung,Galaxy S21,617.0,500.0,1.0,17.0,617.0,9.0,108.0,Credit Card,3.0
2023-12-02,26-35,IL,Other,Middle,App,Electronics,Smartphones,Apple,iPhone 15,963.0,800.0,1.0,12.0,963.0,13.0,150.0,Debit Card,5.0
2023-12-02,26-35,CA,Female,Middle,Organic,Home,Furniture,IKEA,Kallax Shelf,75.0,60.0,1.0,11.0,75.0,16.0,-1.0,Credit Card,3.0
2023-12-02,18-25,TX,Female,Low,PPC,Electronics,Laptops,Dell,XPS,1373.0,1300.0,1.0,15.0,1373.0,15.0,58.0,Debit Card,4.0
2023-12-02,18-25,PA,Other,High,Organic,Beauty,Makeup,Maybelline,Fit Me Foundation,15.0,15.0,3.0,26.0,44.0,7.0,-8.0,Debit Card,4.0
2023-12-02,66+,NC,Male,Middle,Email,Beauty,Skincare,Neutrogena,Hydro Boost Gel,18.0,20.0,1.0,32.0,18.0,9.0,-11.0,Digital Wallet,3.0
2023-12-02,26-35,MI,Male,Middle,Organic,Electronics,Smartphones,Apple,iPhone 14,905.0,700.0,1.0,12.0,905.0,13.0,192.0,Debit Card,5.0
2023-12-02,36-45,CA,Male,Low,Organic,Electronics,Smartphones,Apple,iPhone 15,856.0,800.0,1.0,21.0,856.0,9.0,47.0,Credit Card,3.0
2023-12-02,36-45,OH,Female,Middle,Email,Electronics,Smartphones,Samsung,Galaxy S21,620.0,500.0,3.0,20.0,1860.0,19.0,341.0,Digital Wallet,5.0
2023-12-02,66+,NY,Female,Middle,App,Electronics,Smartphones,Apple,iPhone 15,921.0,800.0,1.0,17.0,921.0,14.0,107.0,Credit Card,4.0
2023-12-02,36-45,PA,Male,High,Organic,Home,Furniture,IKEA,Billy Bookcase,120.0,100.0,1.0,9.0,120.0,20.0,-0.0,Credit Card,6.0
2023-12-02,46-55,MI,Female,Low,PPC,Electronics,Smartphones,Apple,iPhone SE,473.0,400.0,1.0,19.0,473.0,13.0,59.0,Digital Wallet,5.0
2023-12-02,66+,FL,Female,Middle,Others,Beauty,Skincare,Neutrogena,Rapid Wrinkle Repair,30.0,20.0,1.0,25.0,30.0,6.0,3.0,BNPL,4.0
2023-12-02,36-45,GA,Male,High,App,Electronics,Smartphones,Apple,iPhone SE,540.0,400.0,4.0,13.0,2162.0,24.0,537.0,Digital Wallet,5.0
2023-12-02,36-45,OH,Female,Low,Organic,Beauty,Makeup,Maybelline,Fit Me Foundation,15.0,15.0,1.0,28.0,15.0,5.0,-5.0,Credit Card,3.0
2023-12-02,56-65,FL,Female,Low,Others,Electronics,Smartphones,Samsung,Galaxy S21,600.0,500.0,3.0,20.0,1801.0,19.0,281.0,BNPL,4.0
2023-12-02,18-25,NY,Male,Middle,Organic,Electronics,Laptops,Apple Laptop,MacBook Air M1,864.0,900.0,1.0,18.0,864.0,18.0,-54.0,Credit Card,4.0
2023-12-02,36-45,NC,Female,Low,Others,Home,Beds,Serta,Perfect Sleeper,886.0,750.0,1.0,7.0,886.0,25.0,111.0,Credit Card,5.0
2023-12-02,66+,CA,Female,High,Organic,Beauty,Makeup,Maybelline,Fit Me Foundation,14.0,15.0,1.0,29.0,14.0,3.0,-4.0,Credit Card,5.0
2023-12-02,46-55,FL,Other,High,Email,Clothing,T-Shirts,Adidas,Performance,46.0,45.0,3.0,21.0,138.0,8.0,-5.0,Digital Wallet,5.0
2023-12-02,46-55,FL,Other,High,Affiliates,Electronics,Smartphones,Samsung,Galaxy A32,297.0,250.0,4.0,21.0,1187.0,26.0,161.0,Debit Card,7.0
2023-12-02,46-55,TX,Other,Low,Organic,Home,Furniture,IKEA,Kallax Shelf,70.0,60.0,1.0,13.0,70.0,18.0,-8.0,Digital Wallet,5.0
2023-12-02,26-35,TX,Male,Middle,App,Electronics,Smartphones,Apple,iPhone 14,802.0,700.0,4.0,15.0,3208.0,25.0,383.0,BNPL,5.0
2023-12-02,66+,CA,Other,Middle,Affiliates,Beauty,Skincare,Neutrogena,Hydro Boost Gel,20.0,20.0,4.0,25.0,81.0,5.0,-4.0,Debit Card,4.0
2023-12-02,46-55,FL,Female,Middle,PPC,Home,Beds,Serta,Perfect Sleeper,886.0,750.0,1.0,5.0,886.0,22.0,114.0,Debit Card,6.0
2023-12-02,26-35,TX,Other,Middle,Others,Electronics,Smartphones,Apple,iPhone SE,497.0,400.0,1.0,16.0,497.0,11.0,86.0,Credit Card,4.0
2023-12-02,46-55,NY,Other,Low,App,Home,Furniture,Ashley Furniture,Bed Frame,228.0,100.0,3.0,8.0,685.0,35.0,350.0,Credit Card,5.0
2023-12-02,26-35,FL,Male,Low,Organic,Home,Beds,Tempur-Pedic,Cloud Supreme,2066.0,1800.0,1.0,5.0,2066.0,22.0,244.0,Credit Card,4.0
2023-12-02,36-45,TX,Other,Low,App,Electronics,Laptops,Apple Laptop,MacBook Pro M3,1574.0,1500.0,3.0,16.0,4722.0,26.0,196.0,Debit Card,4.0
2023-12-02,56-65,OH,Other,Middle,Affiliates,Electronics,Smartphones,Samsung,Galaxy A32,310.0,250.0,4.0,15.0,1240.0,26.0,215.0,Digital Wallet,6.0
2023-12-02,36-45,IL,Other,Low,Organic,Electronics,Laptops,Apple Laptop,MacBook Air M1,909.0,900.0,3.0,10.0,2726.0,28.0,-2.0,BNPL,7.0
2023-12-02,46-55,TX,Female,Low,PPC,Electronics,Smartphones,Apple,iPhone 14,877.0,700.0,4.0,12.0,3510.0,25.0,684.0,Debit Card,5.0
2023-12-02,18-25,CA,Other,Middle,App,Beauty,Skincare,Neutrogena,Hydro Boost Gel,17.0,20.0,6.0,33.0,100.0,6.0,-26.0,Digital Wallet,5.0
2023-12-02,56-65,IL,Female,High,Others,Beauty,Makeup,Maybelline,Fit Me Foundation,16.0,15.0,1.0,20.0,16.0,7.0,-6.0,Credit Card,3.0
2023-12-02,46-55,CA,Female,Low,Organic,Home,Furniture,IKEA,Billy Bookcase,131.0,100.0,1.0,10.0,131.0,16.0,15.0,Digital Wallet,4.0
2023-12-02,56-65,IL,Male,Middle,Email,Home,Furniture,IKEA,Kallax Shelf,71.0,60.0,1.0,6.0,71.0,20.0,-9.0,BNPL,5.0
2023-12-02,26-35,GA,Male,Middle,Organic,Home,Beds,Tempur-Pedic,Cloud Supreme,1920.0,1800.0,3.0,9.0,5761.0,37.0,324.0,Credit Card,6.0
2023-12-02,46-55,TX,Male,Middle,Organic,Electronics,Smartphones,Apple,iPhone 15,930.0,800.0,1.0,13.0,930.0,11.0,119.0,Digital Wallet,4.0
2023-12-02,46-55,MI,Male,Low,Organic,Home,Beds,Tempur-Pedic,Cloud Supreme,1862.0,1800.0,1.0,10.0,1862.0,23.0,39.0,Debit Card,5.0
2023-12-02,18-25,GA,Male,Low,App,Electronics,Smartphones,Samsung,Galaxy S21,591.0,500.0,3.0,14.0,1773.0,17.0,256.0,Debit Card,5.0
2023-12-02,18-25,TX,Male,Low,Organic,Clothing,T-Shirts,Nike,Pro,25.0,30.0,1.0,37.0,25.0,6.0,-10.0,Digital Wallet,3.0
2023-12-02,36-45,CA,Other,Middle,Email,Clothing,T-Shirts,Adidas,Performance,50.0,45.0,4.0,30.0,200.0,7.0,13.0,Credit Card,4.0
2023-12-02,36-45,CA,Male,Low,Organic,Clothing,Jeans,Wrangler,Regular Fit,44.0,35.0,3.0,31.0,132.0,6.0,20.0,Digital Wallet,3.0
2023-12-02,56-65,IL,Male,Middle,Email,Electronics,Smartphones,Apple,iPhone SE,466.0,400.0,4.0,17.0,1864.0,27.0,236.0,Debit Card,4.0
2023-12-02,26-35,TX,Male,Middle,App,Home,Furniture,IKEA,Billy Bookcase,159.0,100.0,3.0,12.0,476.0,32.0,144.0,Debit Card,4.0
2023-12-02,66+,IL,Female,Middle,Organic,Electronics,Laptops,Dell,XPS,1359.0,1300.0,3.0,15.0,4076.0,28.0,148.0,Credit Card,5.0
2023-12-02,56-65,CA,Male,Middle,PPC,Home,Furniture,IKEA,Kallax Shelf,73.0,60.0,1.0,6.0,73.0,16.0,-3.0,Credit Card,3.0
2023-12-02,36-45,TX,Male,Middle,App,Home,Furniture,Ashley Furniture,Bed Frame,243.0,100.0,3.0,7.0,730.0,32.0,398.0,Credit Card,6.0
2023-12-02,26-35,FL,Male,Middle,PPC,Electronics,Smartphones,Apple,iPhone SE,487.0,400.0,4.0,21.0,1947.0,26.0,321.0,Digital Wallet,6.0
2023-12-02,26-35,CA,Female,Middle,Organic,Electronics,Smartphones,Apple,iPhone SE,549.0,400.0,4.0,16.0,2195.0,23.0,572.0,Debit Card,6.0
2023-12-02,26-35,FL,Other,Low,Organic,Electronics,Smartphones,Apple,iPhone 14,867.0,700.0,3.0,14.0,2601.0,19.0,482.0,BNPL,6.0
2023-12-02,26-35,NY,Male,High,PPC,Home,Furniture,IKEA,Kallax Shelf,53.0,60.0,1.0,10.0,53.0,21.0,-28.0,BNPL,5.0
2023-12-02,26-35,PA,Female,Low,Others,Home,Furniture,Ashley Furniture,Bed Frame,239.0,100.0,3.0,9.0,717.0,34.0,383.0,Credit Card,5.0
2023-12-02,56-65,FL,Male,Middle,Organic,Electronics,Laptops,Apple Laptop,MacBook Air M1,939.0,900.0,3.0,11.0,2818.0,27.0,90.0,Digital Wallet,5.0
2023-12-02,46-55,FL,Female,High,App,Home,Furniture,Ashley Furniture,Sofa,442.0,300.0,1.0,7.0,442.0,19.0,123.0,Credit Card,4.0
2023-12-02,56-65,MI,Male,High,Email,Electronics,Laptops,Apple Laptop,MacBook Pro M2,1242.0,1200.0,1.0,13.0,1242.0,18.0,24.0,Digital Wallet,5.0
2023-12-02,26-35,GA,Female,Low,App,Home,Furniture,IKEA,Billy Bookcase,158.0,100.0,3.0,13.0,475.0,31.0,143.0,BNPL,5.0
2023-12-02,46-55,FL,Female,Middle,App,Electronics,Smartphones,Samsung,Galaxy Z Fold 5,1383.0,1500.0,3.0,22.0,4149.0,19.0,-370.0,Digital Wallet,6.0
2023-12-02,46-55,CA,Female,High,Email,Beauty,Skincare,Neutrogena,Rapid Wrinkle Repair,21.0,20.0,4.0,31.0,84.0,5.0,-1.0,Debit Card,4.0
2023-12-02,26-35,CA,Male,Low,Affiliates,Home,Furniture,Ashley Furniture,Bed Frame,231.0,100.0,1.0,6.0,231.0,16.0,115.0,BNPL,4.0
2023-12-02,36-45,IL,Male,High,App,Home,Furniture,Ashley Furniture,Dining Table,266.0,200.0,1.0,13.0,266.0,20.0,46.0,Digital Wallet,6.0
2023-12-02,46-55,NC,Female,Middle,App,Home,Furniture,IKEA,Billy Bookcase,114.0,100.0,3.0,14.0,342.0,36.0,5.0,Credit Card,7.0
2023-12-02,26-35,CA,Other,Middle,PPC,Electronics,Smartphones,Apple,iPhone 14,869.0,700.0,4.0,13.0,3476.0,23.0,653.0,Digital Wallet,4.0
2023-12-02,56-65,CA,Male,Low,App,Electronics,Smartphones,Apple,iPhone 14,758.0,700.0,3.0,21.0,2275.0,16.0,159.0,Debit Card,3.0
2023-12-02,36-45,CA,Male,Low,Organic,Electronics,Laptops,Dell,Inspiron,751.0,600.0,1.0,12.0,751.0,13.0,138.0,Digital Wallet,4.0
2023-12-02,56-65,OH,Male,Low,App,Beauty,Makeup,Maybelline,Lash Sensational Mascara,12.0,10.0,7.0,21.0,86.0,9.0,7.0,Digital Wallet,7.0
2023-12-02,46-55,OH,Male,Middle,Affiliates,Home,Furniture,IKEA,Billy Bookcase,128.0,100.0,3.0,14.0,383.0,33.0,50.0,Digital Wallet,5.0
2023-12-02,36-45,NY,Female,Middle,Affiliates,Clothing,T-Shirts,Nike,Dry-FIT,25.0,20.0,18.0,29.0,448.0,29.0,59.0,Credit Card,13.0
2023-12-02,36-45,TX,Female,Low,PPC,Home,Beds,Serta,iComfort,2252.0,1900.0,3.0,7.0,6756.0,38.0,1018.0,Digital Wallet,4.0
2023-12-02,26-35,PA,Male,Middle,Affiliates,Home,Beds,Tempur-Pedic,Contour Elite,1997.0,1700.0,1.0,5.0,1997.0,22.0,274.0,Credit Card,4.0
2023-12-02,56-65,NY,Other,Middle,Organic,Home,Beds,Tempur-Pedic,Cloud Supreme,1947.0,1800.0,3.0,7.0,5841.0,41.0,400.0,Credit Card,6.0
2023-12-02,46-55,CA,Other,Low,App,Clothing,Jeans,Wrangler,Authentics,36.0,30.0,1.0,22.0,36.0,4.0,1.0,BNPL,3.0
2023-12-02,36-45,IL,Female,Low,Others,Clothing,T-Shirts,Nike,Dry-FIT,19.0,20.0,1.0,29.0,19.0,8.0,-9.0,Digital Wallet,4.0
2023-12-02,18-25,OH,Male,Middle,App,Electronics,Smartphones,Apple,iPhone 14,886.0,700.0,4.0,13.0,3542.0,26.0,717.0,Debit Card,5.0
2023-12-02,36-45,FL,Male,Middle,Organic,Clothing,Jeans,Wrangler,Authentics,27.0,30.0,1.0,35.0,27.0,7.0,-10.0,Debit Card,2.0
2023-12-02,66+,TX,Other,Middle,App,Beauty,Skincare,Neutrogena,Oil-Free Acne Wash,15.0,15.0,1.0,28.0,15.0,5.0,-5.0,Debit Card,4.0
2023-12-02,18-25,GA,Other,Middle,Organic,Electronics,Smartphones,Samsung,Galaxy Z Fold 5,1502.0,1500.0,3.0,15.0,4507.0,17.0,-10.0,Debit Card,4.0
2023-12-02,36-45,GA,Male,Middle,Others,Electronics,Laptops,HP,Pavilion,635.0,600.0,1.0,15.0,635.0,14.0,21.0,Credit Card,5.0
2023-12-02,36-45,TX,Other,Middle,App,Beauty,Skincare,Neutrogena,Rapid Wrinkle Repair,22.0,20.0,3.0,32.0,66.0,6.0,-0.0,BNPL,5.0
2023-12-02,56-65,NY,Male,High,Others,Home,Furniture,Ashley Furniture,Sofa,380.0,300.0,3.0,13.0,1141.0,35.0,206.0,BNPL,7.0
2023-12-02,56-65,FL,Male,High,Affiliates,Clothing,T-Shirts,Nike,Pro,45.0,30.0,4.0,23.0,178.0,10.0,48.0,Credit Card,4.0
2023-12-02,36-45,IL,Female,High,Organic,Home,Beds,Tempur-Pedic,Cloud Supreme,1898.0,1800.0,1.0,7.0,1898.0,23.0,75.0,Digital Wallet,5.0
2023-12-02,18-25,PA,Female,Low,Organic,Beauty,Makeup,Maybelline,Fit Me Foundation,12.0,15.0,6.0,25.0,72.0,9.0,-27.0,BNPL,5.0
2023-12-02,18-25,NY,Female,Low,Organic,Beauty,Makeup,Maybelline,Fit Me Foundation,16.0,15.0,1.0,26.0,16.0,8.0,-7.0,BNPL,3.0
2023-12-02,18-25,CA,Female,High,PPC,Home,Furniture,IKEA,Kallax Shelf,61.0,60.0,1.0,8.0,61.0,16.0,-15.0,Credit Card,4.0
2023-12-02,36-45,CA,Female,Middle,App,Home,Furniture,IKEA,Billy Bookcase,142.0,100.0,1.0,11.0,142.0,16.0,26.0,Credit Card,3.0
2023-12-02,46-55,CA,Female,Middle,Others,Beauty,Makeup,Revlon,ColorStay Lipstick,17.0,15.0,7.0,22.0,118.0,6.0,7.0,BNPL,6.0
2023-12-02,66+,NY,Male,Middle,Affiliates,Beauty,Makeup,Maybelline,Fit Me Foundation,10.0,15.0,4.0,23.0,42.0,10.0,-28.0,Debit Card,6.0
2023-12-02,56-65,FL,Male,Low,Organic,Electronics,Smartphones,Samsung,Galaxy A32,294.0,250.0,3.0,17.0,883.0,19.0,114.0,Debit Card,5.0
2023-12-02,26-35,PA,Male,Middle,Affiliates,Electronics,Laptops,Apple Laptop,MacBook Air M1,917.0,900.0,1.0,19.0,917.0,17.0,0.0,Credit Card,4.0
2023-12-02,26-35,TX,Male,Middle,Organic,Electronics,Smartphones,Apple,iPhone 15,883.0,800.0,4.0,19.0,3532.0,25.0,307.0,Debit Card,4.0
2023-12-02,26-35,CA,Other,Middle,PPC,Clothing,Jeans,Wrangler,Authentics,44.0,30.0,3.0,24.0,131.0,6.0,34.0,Credit Card,5.0
2023-12-02,36-45,CA,Female,Low,Affiliates,Electronics,Laptops,HP,Envy,724.0,700.0,3.0,18.0,2172.0,24.0,48.0,Debit Card,2.0
2023-12-02,18-25,CA,Female,High,Email,Beauty,Skincare,Neutrogena,Oil-Free Acne Wash,15.0,15.0,3.0,33.0,44.0,4.0,-5.0,Digital Wallet,4.0
2023-12-02,18-25,CA,Female,High,Others,Clothing,T-Shirts,Adidas,Performance,43.0,45.0,6.0,37.0,260.0,9.0,-19.0,Credit Card,5.0
2023-12-02,36-45,CA,Female,Middle,Organic,Home,Furniture,IKEA,Billy Bookcase,121.0,100.0,1.0,9.0,121.0,16.0,5.0,Digital Wallet,4.0
2023-12-02,36-45,IL,Female,Low,Organic,Electronics,Smartphones,Samsung,Galaxy Z Fold 5,1489.0,1500.0,8.0,17.0,11916.0,48.0,-132.0,Credit Card,6.0
2023-12-02,56-65,PA,Female,Low,PPC,Home,Furniture,IKEA,Kallax Shelf,82.0,60.0,1.0,9.0,82.0,20.0,3.0,Credit Card,5.0
2023-12-02,56-65,MI,Female,Middle,Organic,Clothing,T-Shirts,Nike,Pro,35.0,30.0,4.0,24.0,140.0,12.0,9.0,Digital Wallet,5.0
2023-12-02,36-45,FL,Female,Middle,Affiliates,Home,Furniture,Ashley Furniture,Dining Table,261.0,200.0,1.0,14.0,261.0,19.0,42.0,Debit Card,4.0
2023-12-02,66+,NY,Male,Middle,App,Electronics,Smartphones,Apple,iPhone 15,916.0,800.0,1.0,17.0,916.0,14.0,102.0,Credit Card,4.0
2023-12-02,26-35,TX,Male,Middle,Email,Electronics,Smartphones,Samsung,Galaxy Z Fold 5,1600.0,1500.0,4.0,12.0,6400.0,25.0,375.0,Digital Wallet,5.0
2023-12-02,36-45,NC,Male,Middle,Others,Beauty,Skincare,Neutrogena,Oil-Free Acne Wash,18.0,15.0,6.0,26.0,106.0,12.0,4.0,Digital Wallet,6.0
2023-12-02,36-45,TX,Female,Middle,Organic,Beauty,Makeup,Revlon,ColorStay Lipstick,16.0,15.0,6.0,21.0,97.0,7.0,-0.0,Digital Wallet,6.0
2023-12-02,56-65,TX,Female,Middle,Organic,Clothing,Jeans,Wrangler,Regular Fit,40.0,35.0,4.0,27.0,161.0,10.0,10.0,BNPL,5.0
2023-12-02,36-45,NY,Male,Low,Email,Electronics,Smartphones,Apple,iPhone 15,876.0,800.0,4.0,22.0,3502.0,28.0,274.0,Digital Wallet,5.0
2023-12-02,26-35,GA,Female,Middle,Email,Beauty,Skincare,Neutrogena,Hydro Boost Gel,21.0,20.0,4.0,31.0,84.0,6.0,-2.0,Digital Wallet,5.0
2023-12-02,36-45,NY,Male,Middle,Affiliates,Home,Furniture,IKEA,Billy Bookcase,153.0,100.0,3.0,10.0,459.0,35.0,124.0,Credit Card,6.0
2023-12-02,26-35,IL,Male,Low,App,Beauty,Makeup,Maybelline,Lash Sensational Mascara,12.0,10.0,4.0,25.0,50.0,9.0,1.0,Digital Wallet,5.0
2023-12-02,46-55,IL,Female,Low,Others,Home,Furniture,Ashley Furniture,Bed Frame,224.0,100.0,3.0,14.0,673.0,34.0,339.0,Credit Card,7.0
2023-12-02,36-45,PA,Male,Middle,Email,Home,Furniture,IKEA,Billy Bookcase,124.0,100.0,10.0,6.0,1241.0,104.0,138.0,Digital Wallet,8.0
2023-12-02,36-45,IL,Other,Low,Affiliates,Home,Beds,Tempur-Pedic,Cloud Supreme,1963.0,1800.0,3.0,8.0,5888.0,40.0,448.0,Digital Wallet,4.0
2023-12-02,66+,TX,Female,Low,Affiliates,Electronics,Smartphones,Samsung,Galaxy A32,329.0,250.0,3.0,19.0,987.0,18.0,219.0,Credit Card,4.0
2023-12-02,46-55,CA,Other,Middle,Email,Beauty,Makeup,Revlon,ColorStay Lipstick,14.0,15.0,4.0,29.0,55.0,5.0,-9.0,BNPL,4.0
2023-12-02,46-55,CA,Female,Low,Organic,Clothing,Jeans,Wrangler,Authentics,37.0,30.0,1.0,24.0,37.0,4.0,3.0,Debit Card,2.0
2023-12-02,36-45,PA,Female,High,PPC,Home,Furniture,IKEA,Billy Bookcase,163.0,100.0,1.0,8.0,163.0,20.0,43.0,Credit Card,4.0
2023-12-02,36-45,TX,Female,Middle,Others,Home,Furniture,Ashley Furniture,Dining Table,319.0,200.0,1.0,8.0,319.0,18.0,101.0,Credit Card,4.0
2023-12-02,26-35,NY,Female,Middle,Others,Electronics,Smartphones,Samsung,Galaxy Z Fold 5,1533.0,1500.0,1.0,14.0,1533.0,14.0,19.0,Digital Wallet,5.0
2023-12-02,56-65,NY,Female,Middle,App,Beauty,Makeup,Maybelline,Lash Sensational Mascara,11.0,10.0,7.0,22.0,75.0,11.0,-6.0,Digital Wallet,7.0
2023-12-02,36-45,CA,Female,High,Email,Home,Furniture,Ashley Furniture,Sofa,338.0,300.0,3.0,14.0,1013.0,30.0,83.0,Debit Card,6.0
2023-12-02,26-35,CA,Other,High,Affiliates,Home,Furniture,IKEA,Billy Bookcase,139.0,100.0,1.0,12.0,139.0,16.0,23.0,Debit Card,3.0
2023-12-02,18-25,OH,Male,Middle,Email,Electronics,Smartphones,Apple,iPhone 15,894.0,800.0,4.0,20.0,3576.0,26.0,350.0,Digital Wallet,5.0
2023-12-02,18-25,NC,Male,Middle,App,Clothing,Jeans,Wrangler,Regular Fit,38.0,35.0,1.0,26.0,38.0,10.0,-7.0,Digital Wallet,6.0
2023-12-02,56-65,TX,Male,Middle,Organic,Home,Furniture,IKEA,Kallax Shelf,56.0,60.0,1.0,12.0,56.0,18.0,-22.0,Credit Card,5.0
2023-12-02,26-35,TX,Male,Middle,Organic,Home,Beds,Tempur-Pedic,Contour Elite,1781.0,1700.0,3.0,9.0,5343.0,38.0,205.0,Credit Card,6.0
2023-12-02,18-25,IL,Male,High,Organic,Clothing,Jeans,Wrangler,Authentics,29.0,30.0,1.0,31.0,29.0,8.0,-9.0,Credit Card,3.0
2023-12-02,46-55,NY,Male,Middle,Organic,Home,Furniture,IKEA,Billy Bookcase,125.0,100.0,1.0,5.0,125.0,21.0,4.0,Credit Card,5.0
2023-12-02,26-35,MI,Male,Low,PPC,Electronics,Laptops,Apple Laptop,MacBook Pro M3,1589.0,1500.0,1.0,15.0,1589.0,18.0,72.0,Digital Wallet,3.0
2023-12-02,56-65,PA,Female,High,Organic,Home,Beds,Serta,iComfort,2203.0,1900.0,3.0,9.0,6608.0,39.0,868.0,Debit Card,5.0
2023-12-02,46-55,FL,Male,High,App,Beauty,Makeup,Maybelline,Lash Sensational Mascara,12.0,10.0,8.0,27.0,95.0,10.0,5.0,BNPL,6.0
2023-12-02,26-35,TX,Female,Middle,Organic,Electronics,Smartphones,Apple,iPhone 15,987.0,800.0,4.0,12.0,3948.0,25.0,723.0,Debit Card,5.0
2023-12-02,56-65,NC,Female,Middle,Others,Electronics,Laptops,HP,Pavilion,590.0,600.0,1.0,17.0,590.0,19.0,-29.0,Credit Card,5.0
2023-12-02,26-35,CA,Male,High,Others,Electronics,Laptops,Apple Laptop,MacBook Pro M2,1212.0,1200.0,1.0,16.0,1212.0,13.0,-1.0,Debit Card,2.0
2023-12-02,56-65,TX,Female,Low,Affiliates,Beauty,Makeup,Revlon,PhotoReady Concealer,14.0,12.0,3.0,20.0,43.0,6.0,1.0,Digital Wallet,3.0
2023-12-02,18-25,NC,Female,Middle,Organic,Home,Beds,Serta,iComfort,2144.0,1900.0,3.0,5.0,6432.0,42.0,691.0,Credit Card,5.0
2023-12-02,26-35,TX,Male,High,Organic,Clothing,T-Shirts,Nike,Sportswear,29.0,25.0,7.0,23.0,206.0,12.0,18.0,BNPL,6.0
2023-12-02,36-45,MI,Male,High,Organic,Clothing,Jeans,Wrangler,Authentics,34.0,30.0,4.0,33.0,135.0,13.0,2.0,Debit Card,6.0
2023-12-02,18-25,PA,Female,Low,App,Beauty,Skincare,Neutrogena,Hydro Boost Gel,21.0,20.0,3.0,27.0,63.0,8.0,-5.0,BNPL,5.0
2023-12-02,26-35,NY,Female,High,App,Home,Beds,Serta,iComfort,2142.0,1900.0,3.0,11.0,6427.0,41.0,686.0,Credit Card,5.0
2023-12-02,56-65,PA,Male,High,App,Beauty,Makeup,Maybelline,Fit Me Foundation,15.0,15.0,4.0,20.0,61.0,8.0,-7.0,Digital Wallet,6.0
2023-12-02,26-35,OH,Male,Middle,Email,Electronics,Smartphones,Samsung,Galaxy A32,352.0,250.0,1.0,14.0,352.0,12.0,91.0,Credit Card,3.0
2023-12-02,56-65,MI,Other,High,Affiliates,Electronics,Smartphones,Apple,iPhone SE,436.0,400.0,3.0,20.0,1307.0,20.0,87.0,Digital Wallet,4.0
2023-12-02,46-55,PA,Female,Middle,Email,Beauty,Makeup,Maybelline,Lash Sensational Mascara,11.0,10.0,3.0,23.0,33.0,7.0,-4.0,Credit Card,4.0
2023-12-02,26-35,OH,Female,Middle,Organic,Beauty,Skincare,Neutrogena,Oil-Free Acne Wash,13.0,15.0,4.0,31.0,51.0,8.0,-17.0,Credit Card,4.0
2023-12-02,18-25,NY,Male,Middle,Affiliates,Beauty,Makeup,Revlon,ColorStay Lipstick,14.0,15.0,3.0,26.0,43.0,9.0,-11.0,Debit Card,4.0
2023-12-02,36-45,IL,Female,Middle,Others,Electronics,Laptops,Apple Laptop,MacBook Pro M3,1570.0,1500.0,3.0,19.0,4710.0,28.0,182.0,BNPL,8.0
2023-12-02,46-55,NY,Other,Low,Others,Electronics,Laptops,Apple Laptop,MacBook Air M2,1180.0,1000.0,1.0,15.0,1180.0,18.0,162.0,Debit Card,4.0
2023-12-02,36-45,NY,Female,Low,Organic,Electronics,Smartphones,Samsung,Galaxy S21,612.0,500.0,1.0,13.0,612.0,14.0,98.0,BNPL,5.0
2023-12-02,56-65,NY,Female,High,Others,Beauty,Makeup,Maybelline,Fit Me Foundation,12.0,15.0,6.0,23.0,72.0,10.0,-28.0,Debit Card,6.0
2023-12-02,26-35,IL,Female,Middle,App,Electronics,Smartphones,Apple,iPhone SE,546.0,400.0,3.0,12.0,1639.0,20.0,419.0,Debit Card,4.0
2023-12-02,56-65,CA,Male,Middle,Affiliates,Clothing,T-Shirts,Nike,Sportswear,30.0,25.0,7.0,29.0,209.0,10.0,24.0,Credit Card,6.0
2023-12-02,26-35,TX,Other,High,App,Beauty,Skincare,Neutrogena,Oil-Free Acne Wash,13.0,15.0,3.0,33.0,38.0,6.0,-13.0,Digital Wallet,4.0
2023-12-02,36-45,TX,Male,Middle,Organic,Electronics,Smartphones,Samsung,Galaxy S21,654.0,500.0,1.0,14.0,654.0,11.0,143.0,Debit Card,12.0
2023-12-02,18-25,CA,Male,High,Affiliates,Electronics,Laptops,Dell,Inspiron,690.0,600.0,3.0,11.0,2071.0,24.0,246.0,Digital Wallet,5.0
2023-12-02,26-35,TX,Female,Low,Affiliates,Electronics,Laptops,Dell,XPS,1473.0,1300.0,3.0,10.0,4419.0,26.0,493.0,Digital Wallet,6.0
2023-12-02,46-55,IL,Female,Middle,App,Electronics,Smartphones,Apple,iPhone SE,490.0,400.0,1.0,19.0,490.0,13.0,77.0,Credit Card,3.0
2023-12-02,46-55,FL,Male,Low,App,Beauty,Makeup,Maybelline,Lash Sensational Mascara,12.0,10.0,8.0,27.0,98.0,10.0,8.0,Digital Wallet,7.0
2023-12-02,56-65,CA,Other,High,Others,Home,Furniture,Ashley Furniture,Sofa,411.0,300.0,1.0,11.0,411.0,16.0,95.0,BNPL,4.0
2023-12-02,56-65,NC,Female,Middle,PPC,Beauty,Makeup,Maybelline,Lash Sensational Mascara,10.0,10.0,6.0,26.0,59.0,11.0,-12.0,Digital Wallet,6.0
2023-12-02,18-25,NC,Other,Middle,PPC,Clothing,T-Shirts,Nike,Pro,32.0,30.0,1.0,31.0,32.0,10.0,-8.0,Credit Card,5.0
2023-12-02,26-35,NY,Other,Middle,Others,Electronics,Smartphones,Samsung,Galaxy S21,540.0,500.0,1.0,22.0,540.0,14.0,25.0,BNPL,4.0
2023-12-02,56-65,NY,Other,Low,Others,Home,Furniture,IKEA,Billy Bookcase,125.0,100.0,3.0,10.0,374.0,35.0,39.0,Digital Wallet,6.0
2023-12-02,46-55,PA,Male,Middle,Organic,Home,Beds,Tempur-Pedic,Contour Elite,1819.0,1700.0,1.0,12.0,1819.0,22.0,96.0,Credit Card,5.0
2023-12-02,26-35,NY,Male,Low,Affiliates,Beauty,Makeup,Maybelline,Fit Me Foundation,18.0,15.0,6.0,23.0,106.0,10.0,6.0,Digital Wallet,6.0
2023-12-02,56-65,NC,Other,High,Organic,Beauty,Makeup,Revlon,ColorStay Lipstick,18.0,15.0,4.0,26.0,70.0,11.0,-1.0,Debit Card,6.0
2023-12-02,56-65,MI,Male,Middle,Affiliates,Beauty,Makeup,Revlon,ColorStay Lipstick,15.0,15.0,7.0,28.0,106.0,11.0,-10.0,Credit Card,5.0
2023-12-02,56-65,CA,Female,Middle,App,Home,Furniture,Ashley Furniture,Sofa,455.0,300.0,1.0,6.0,455.0,16.0,139.0,Debit Card,5.0
2023-12-02,36-45,OH,Female,Low,Organic,Electronics,Smartphones,Apple,iPhone 14,779.0,700.0,1.0,21.0,779.0,12.0,68.0,Digital Wallet,4.0
2023-12-02,36-45,TX,Female,Low,Others,Beauty,Skincare,Neutrogena,Oil-Free Acne Wash,13.0,15.0,4.0,33.0,50.0,7.0,-17.0,Digital Wallet,4.0
2023-12-02,18-25,CA,Female,Low,Email,Beauty,Makeup,Maybelline,Fit Me Foundation,13.0,15.0,1.0,24.0,13.0,3.0,-5.0,Debit Card,2.0
2023-12-02,36-45,GA,Female,Low,Organic,Home,Furniture,IKEA,Billy Bookcase,113.0,100.0,3.0,5.0,338.0,31.0,7.0,Digital Wallet,7.0
2023-12-02,26-35,CA,Male,Middle,Organic,Clothing,T-Shirts,Nike,Sportswear,24.0,25.0,4.0,39.0,97.0,7.0,-10.0,Digital Wallet,4.0
2023-12-02,56-65,IL,Male,High,Organic,Beauty,Makeup,Maybelline,Lash Sensational Mascara,13.0,10.0,3.0,23.0,40.0,8.0,2.0,Debit Card,4.0
2023-12-02,26-35,FL,Male,Middle,Others,Home,Furniture,Ashley Furniture,Sofa,436.0,300.0,3.0,7.0,1309.0,33.0,376.0,Debit Card,7.0
2023-12-02,46-55,FL,Male,Middle,Organic,Electronics,Laptops,Apple Laptop,MacBook Pro M2,1130.0,1200.0,1.0,13.0,1130.0,16.0,-86.0,Digital Wallet,5.0
2023-12-02,18-25,TX,Male,Middle,Others,Home,Beds,Serta,iComfort,2063.0,1900.0,1.0,9.0,2063.0,21.0,142.0,Digital Wallet,5.0
2023-12-02,56-65,OH,Other,Low,App,Electronics,Smartphones,Apple,iPhone 14,806.0,700.0,1.0,21.0,806.0,12.0,94.0,Debit Card,4.0
2023-12-02,56-65,FL,Other,Low,Affiliates,Electronics,Laptops,Apple Laptop,MacBook Pro M2,1326.0,1200.0,3.0,10.0,3977.0,27.0,350.0,Credit Card,4.0
2023-12-02,36-45,TX,Female,Middle,PPC,Beauty,Skincare,Neutrogena,Hydro Boost Gel,14.0,20.0,4.0,34.0,54.0,7.0,-33.0,Debit Card,5.0
2023-12-02,18-25,IL,Female,Middle,Organic,Home,Furniture,Ashley Furniture,Dining Table,226.0,200.0,1.0,12.0,226.0,20.0,6.0,Digital Wallet,6.0
2023-12-02,46-55,NC,Female,Middle,Others,Beauty,Makeup,Maybelline,Fit Me Foundation,11.0,15.0,6.0,27.0,68.0,11.0,-34.0,Credit Card,2.0
2023-12-02,56-65,NC,Male,Middle,Others,Electronics,Laptops,HP,Pavilion,594.0,600.0,1.0,13.0,594.0,19.0,-26.0,Digital Wallet,5.0
2023-12-02,26-35,NC,Other,Middle,Affiliates,Electronics,Laptops,Apple Laptop,MacBook Pro M3,1484.0,1500.0,3.0,19.0,4453.0,30.0,-77.0,Debit Card,4.0
2023-12-02,26-35,TX,Female,Low,Organic,Electronics,Laptops,Apple Laptop,MacBook Pro M3,1492.0,1500.0,1.0,15.0,1492.0,15.0,-24.0,Digital Wallet,5.0
2023-12-02,36-45,CA,Other,Middle,Organic,Home,Furniture,Ashley Furniture,Dining Table,304.0,200.0,1.0,11.0,304.0,16.0,88.0,Debit Card,4.0
2023-12-02,36-45,FL,Female,Low,Organic,Electronics,Smartphones,Apple,iPhone SE,474.0,400.0,4.0,19.0,1895.0,26.0,269.0,Credit Card,5.0
2023-12-02,46-55,FL,Female,Low,App,Home,Furniture,Ashley Furniture,Bed Frame,225.0,100.0,1.0,10.0,225.0,19.0,106.0,Debit Card,5.0
2023-12-02,36-45,GA,Other,High,Affiliates,Home,Furniture,IKEA,Kallax Shelf,73.0,60.0,1.0,9.0,73.0,17.0,-4.0,Digital Wallet,4.0
2023-12-02,36-45,CA,Female,High,App,Electronics,Smartphones,Apple,iPhone SE,506.0,400.0,1.0,16.0,506.0,9.0,97.0,Debit Card,3.0
2023-12-02,26-35,FL,Male,High,PPC,Electronics,Laptops,HP,Pavilion,804.0,600.0,3.0,10.0,2413.0,27.0,585.0,Digital Wallet,4.0
2023-12-02,26-35,NC,Other,Middle,Affiliates,Electronics,Laptops,Apple Laptop,MacBook Pro M3,1523.0,1500.0,3.0,18.0,4568.0,30.0,37.0,Credit Card,6.0
2023-12-02,46-55,TX,Male,Middle,App,Beauty,Skincare,Neutrogena,Oil-Free Acne Wash,15.0,15.0,1.0,33.0,15.0,5.0,-5.0,BNPL,4.0
2023-12-02,36-45,MI,Female,Low,Organic,Home,Beds,Tempur-Pedic,Cloud Supreme,1832.0,1800.0,21.0,11.0,38469.0,258.0,411.0,Credit Card,15.0
2023-12-02,18-25,CA,Male,Middle,Organic,Beauty,Makeup,Maybelline,Fit Me Foundation,15.0,15.0,1.0,29.0,15.0,3.0,-3.0,Digital Wallet,2.0
2023-12-02,26-35,TX,Other,Middle,Affiliates,Electronics,Smartphones,Apple,iPhone 15,926.0,800.0,3.0,16.0,2778.0,18.0,360.0,Credit Card,4.0
2023-12-02,66+,TX,Male,Low,Others,Beauty,Makeup,Maybelline,Fit Me Foundation,17.0,15.0,8.0,29.0,133.0,9.0,4.0,Digital Wallet,6.0
2023-12-02,36-45,CA,Female,Middle,Organic,Electronics,Smartphones,Apple,iPhone SE,449.0,400.0,3.0,20.0,1347.0,16.0,130.0,Digital Wallet,3.0
2023-12-02,36-45,MI,Male,Middle,Email,Home,Beds,Serta,iComfort,2131.0,1900.0,3.0,6.0,6392.0,40.0,652.0,Credit Card,7.0
2023-12-02,66+,FL,Other,Low,Organic,Electronics,Smartphones,Samsung,Galaxy A32,311.0,250.0,1.0,14.0,311.0,12.0,49.0,Digital Wallet,6.0
2023-12-02,26-35,IL,Male,Middle,Affiliates,Electronics,Smartphones,Apple,iPhone 15,941.0,800.0,1.0,13.0,941.0,13.0,128.0,BNPL,4.0
2023-12-02,36-45,NY,Male,Middle,Affiliates,Electronics,Smartphones,Samsung,Galaxy S21,691.0,500.0,1.0,15.0,691.0,14.0,177.0,Credit Card,4.0
2023-12-02,18-25,TX,Female,Middle,Email,Clothing,T-Shirts,Nike,Pro,32.0,30.0,6.0,35.0,192.0,11.0,1.0,Credit Card,5.0
2023-12-02,46-55,IL,Female,Middle,App,Home,Furniture,Ashley Furniture,Dining Table,326.0,200.0,1.0,10.0,326.0,20.0,106.0,Digital Wallet,6.0
2023-12-02,36-45,FL,Male,High,Email,Electronics,Laptops,Dell,Inspiron,730.0,600.0,1.0,17.0,730.0,16.0,114.0,Credit Card,5.0
2023-12-02,66+,CA,Male,Middle,App,Home,Furniture,Ashley Furniture,Bed Frame,222.0,100.0,3.0,12.0,667.0,30.0,337.0,Debit Card,4.0
2023-12-02,66+,IL,Other,Low,Affiliates,Home,Furniture,IKEA,Billy Bookcase,121.0,100.0,3.0,14.0,363.0,34.0,29.0,Digital Wallet,4.0
2023-12-02,26-35,TX,Female,Low,Affiliates,Home,Furniture,IKEA,Billy Bookcase,159.0,100.0,1.0,10.0,159.0,18.0,41.0,Credit Card,5.0
2023-12-02,26-35,TX,Female,Middle,Organic,Electronics,Smartphones,Apple,iPhone 14,817.0,700.0,1.0,16.0,817.0,11.0,106.0,Credit Card,5.0
2023-12-02,56-65,CA,Other,High,Affiliates,Home,Furniture,IKEA,Kallax Shelf,72.0,60.0,3.0,7.0,217.0,30.0,7.0,Credit Card,5.0
2023-12-02,18-25,CA,Male,Low,Organic,Electronics,Smartphones,Apple,iPhone SE,481.0,400.0,4.0,20.0,1926.0,23.0,303.0,Debit Card,4.0
2023-12-02,26-35,MI,Female,Middle,App,Electronics,Laptops,Apple Laptop,MacBook Air M2,1071.0,1000.0,1.0,17.0,1071.0,18.0,53.0,Debit Card,5.0
2023-12-02,18-25,TX,Other,Middle,App,Home,Furniture,IKEA,Kallax Shelf,64.0,60.0,11.0,9.0,702.0,116.0,-74.0,Credit Card,9.0
2023-12-02,18-25,OH,Female,Middle,PPC,Clothing,T-Shirts,Adidas,Performance,62.0,45.0,13.0,21.0,801.0,20.0,196.0,Credit Card,10.0
2023-12-02,36-45,CA,Other,High,Others,Beauty,Makeup,Maybelline,Lash Sensational Mascara,12.0,10.0,3.0,26.0,36.0,4.0,2.0,Digital Wallet,2.0
2023-12-02,26-35,NY,Female,High,Organic,Beauty,Makeup,Maybelline,Lash Sensational Mascara,13.0,10.0,4.0,27.0,51.0,10.0,1.0,Debit Card,5.0
2023-12-02,36-45,CA,Female,Middle,PPC,Electronics,Laptops,Apple Laptop,MacBook Air M2,1124.0,1000.0,3.0,10.0,3371.0,24.0,346.0,Credit Card,4.0
2023-12-02,26-35,TX,Female,High,PPC,Home,Beds,Tempur-Pedic,Cloud Supreme,2031.0,1800.0,3.0,5.0,6094.0,38.0,656.0,Digital Wallet,8.0
2023-12-02,66+,CA,Male,Low,Affiliates,Beauty,Makeup,Revlon,PhotoReady Concealer,16.0,12.0,7.0,21.0,113.0,6.0,23.0,Debit Card,4.0
2023-12-02,26-35,PA,Other,Low,Affiliates,Home,Furniture,Ashley Furniture,Sofa,413.0,300.0,1.0,12.0,413.0,20.0,94.0,Debit Card,5.0
2023-12-02,36-45,TX,Female,Middle,Affiliates,Home,Beds,Tempur-Pedic,Contour Elite,1683.0,1700.0,1.0,12.0,1683.0,21.0,-38.0,Debit Card,4.0
2023-12-02,26-35,NY,Female,Middle,Email,Electronics,Laptops,Apple Laptop,MacBook Air M2,1062.0,1000.0,3.0,18.0,3187.0,29.0,158.0,Digital Wallet,8.0
2023-12-02,26-35,FL,Female,High,Affiliates,Home,Furniture,Ashley Furniture,Sofa,385.0,300.0,1.0,7.0,385.0,19.0,66.0,Digital Wallet,6.0
2023-12-02,46-55,CA,Male,High,App,Beauty,Makeup,Maybelline,Fit Me Foundation,14.0,15.0,3.0,21.0,41.0,4.0,-8.0,Debit Card,5.0
2023-12-02,18-25,TX,Other,Low,PPC,Home,Beds,Tempur-Pedic,Contour Elite,1819.0,1700.0,1.0,7.0,1819.0,21.0,98.0,Debit Card,4.0
2023-12-02,18-25,NY,Male,Middle,Email,Home,Furniture,IKEA,Kallax Shelf,66.0,60.0,1.0,14.0,66.0,21.0,-15.0,Debit Card,4.0
2023-12-02,46-55,TX,Female,Low,Others,Electronics,Smartphones,Apple,iPhone SE,526.0,400.0,3.0,13.0,1577.0,18.0,359.0,Debit Card,4.0
2023-12-02,26-35,CA,Male,Middle,App,Beauty,Makeup,Revlon,ColorStay Lipstick,13.0,15.0,4.0,28.0,51.0,5.0,-14.0,Debit Card,3.0
2023-12-02,66+,GA,Male,Middle,App,Home,Beds,Tempur-Pedic,Contour Elite,1758.0,1700.0,3.0,9.0,5274.0,37.0,137.0,Credit Card,6.0
2023-12-02,66+,NY,Other,Middle,App,Clothing,T-Shirts,Nike,Sportswear,26.0,25.0,14.0,37.0,365.0,24.0,-9.0,Credit Card,10.0
2023-12-02,66+,TX,Male,Middle,Organic,Beauty,Makeup,Revlon,ColorStay Lipstick,16.0,15.0,1.0,28.0,16.0,5.0,-4.0,Digital Wallet,3.0
2023-12-02,18-25,CA,Male,Middle,Affiliates,Beauty,Skincare,Neutrogena,Hydro Boost Gel,16.0,20.0,4.0,30.0,66.0,5.0,-19.0,Credit Card,4.0
2023-12-02,26-35,OH,Other,Low,Others,Home,Beds,Tempur-Pedic,Contour Elite,1767.0,1700.0,3.0,9.0,5302.0,38.0,163.0,Credit Card,5.0
2023-12-02,66+,OH,Other,Middle,Organic,Home,Furniture,Ashley Furniture,Dining Table,386.0,200.0,3.0,12.0,1159.0,33.0,526.0,Credit Card,4.0
2023-12-02,56-65,FL,Male,Middle,Organic,Home,Beds,Serta,Perfect Sleeper,847.0,750.0,3.0,11.0,2542.0,39.0,254.0,Credit Card,6.0
2023-12-02,36-45,FL,Female,Middle,Organic,Electronics,Smartphones,Apple,iPhone 15,870.0,800.0,4.0,22.0,3481.0,26.0,255.0,Digital Wallet,4.0
2023-12-02,26-35,FL,Other,Low,Others,Home,Furniture,Ashley Furniture,Sofa,399.0,300.0,3.0,9.0,1197.0,33.0,264.0,Digital Wallet,7.0
2023-12-02,66+,FL,Other,Low,Email,Home,Furniture,IKEA,Kallax Shelf,62.0,60.0,1.0,13.0,62.0,19.0,-17.0,Credit Card,6.0
2023-12-02,56-65,GA,Female,Low,Organic,Electronics,Laptops,Apple Laptop,MacBook Air M1,939.0,900.0,3.0,14.0,2816.0,25.0,91.0,Debit Card,5.0
2023-12-02,36-45,CA,Male,Middle,App,Home,Furniture,Ashley Furniture,Sofa,434.0,300.0,1.0,13.0,434.0,16.0,118.0,Digital Wallet,4.0
2023-12-02,46-55,CA,Male,Low,Organic,Beauty,Skincare,Neutrogena,Hydro Boost Gel,15.0,20.0,4.0,33.0,58.0,5.0,-27.0,Debit Card,4.0
2023-12-02,66+,CA,Male,Middle,Others,Electronics,Smartphones,Apple,iPhone 15,881.0,800.0,1.0,21.0,881.0,9.0,72.0,Credit Card,2.0
2023-12-02,36-45,PA,Other,Low,Organic,Beauty,Makeup,Maybelline,Lash Sensational Mascara,11.0,10.0,4.0,23.0,44.0,8.0,-4.0,Digital Wallet,6.0
2023-12-02,36-45,TX,Female,Middle,Organic,Home,Furniture,IKEA,Kallax Shelf,74.0,60.0,3.0,12.0,222.0,32.0,10.0,Debit Card,5.0
2023-12-02,26-35,IL,Other,High,Email,Electronics,Laptops,HP,Pavilion,719.0,600.0,3.0,17.0,2157.0,28.0,328.0,BNPL,5.0
2023-12-02,26-35,IL,Male,Middle,Organic,Home,Beds,Tempur-Pedic,Contour Elite,1854.0,1700.0,3.0,9.0,5561.0,40.0,421.0,Digital Wallet,5.0
2023-12-02,26-35,NC,Male,Middle,Email,Electronics,Smartphones,Samsung,Galaxy S21,697.0,500.0,1.0,12.0,697.0,15.0,182.0,Digital Wallet,5.0
2023-12-02,56-65,CA,Female,Middle,Affiliates,Home,Beds,Serta,iComfort,2164.0,1900.0,3.0,6.0,6491.0,36.0,756.0,Debit Card,3.0
2023-12-02,18-25,NY,Male,Low,Others,Home,Furniture,IKEA,Kallax Shelf,79.0,60.0,3.0,12.0,238.0,35.0,23.0,Credit Card,6.0
2023-12-02,46-55,FL,Male,Low,Affiliates,Home,Furniture,IKEA,Billy Bookcase,147.0,100.0,3.0,14.0,441.0,33.0,108.0,Debit Card,6.0
2023-12-02,36-45,IL,Other,Middle,Affiliates,Clothing,T-Shirts,Nike,Pro,36.0,30.0,1.0,21.0,36.0,8.0,-2.0,Credit Card,3.0
2023-12-02,56-65,CA,Female,Low,PPC,Electronics,Smartphones,Apple,iPhone SE,482.0,400.0,1.0,17.0,482.0,9.0,73.0,Debit Card,2.0
2023-12-02,36-45,NY,Male,Middle,App,Home,Furniture,IKEA,Kallax Shelf,55.0,60.0,1.0,14.0,55.0,21.0,-26.0,Credit Card,5.0
2023-12-02,26-35,CA,Male,Middle,App,Clothing,T-Shirts,Nike,Sportswear,26.0,25.0,4.0,34.0,106.0,7.0,-2.0,Debit Card,4.0
2023-12-02,66+,GA,Female,Low,Organic,Clothing,T-Shirts,Adidas,Performance,41.0,45.0,4.0,35.0,165.0,8.0,-23.0,Credit Card,5.0
2023-12-02,56-65,NY,Female,Middle,Organic,Home,Furniture,Ashley Furniture,Dining Table,347.0,200.0,1.0,5.0,347.0,21.0,126.0,Credit Card,8.0
2023-12-02,46-55,FL,Male,Low,Others,Electronics,Smartphones,Apple,iPhone 15,968.0,800.0,4.0,12.0,3870.0,26.0,644.0,Credit Card,7.0
2023-12-02,56-65,TX,Male,Middle,Affiliates,Electronics,Laptops,HP,Envy,833.0,700.0,1.0,12.0,833.0,15.0,117.0,Digital Wallet,6.0
2023-12-02,26-35,TX,Female,Middle,App,Home,Furniture,Ashley Furniture,Bed Frame,229.0,100.0,1.0,7.0,229.0,18.0,111.0,Credit Card,4.0
2023-12-02,66+,PA,Male,High,PPC,Beauty,Makeup,Revlon,ColorStay Lipstick,14.0,15.0,6.0,25.0,84.0,9.0,-15.0,Credit Card,6.0
2023-12-02,66+,CA,Other,Middle,App,Home,Furniture,IKEA,Billy Bookcase,148.0,100.0,1.0,10.0,148.0,16.0,32.0,Digital Wallet,6.0
2023-12-02,18-25,IL,Other,Low,Email,Clothing,Jeans,Wrangler,Regular Fit,45.0,35.0,3.0,34.0,135.0,10.0,20.0,Debit Card,5.0
2023-12-02,36-45,TX,Male,Low,App,Clothing,T-Shirts,Nike,Sportswear,25.0,25.0,7.0,39.0,175.0,12.0,-13.0,Digital Wallet,8.0
2023-12-02,26-35,NY,Female,Middle,Affiliates,Home,Furniture,Ashley Furniture,Bed Frame,201.0,100.0,3.0,11.0,604.0,35.0,269.0,Debit Card,6.0
2023-12-02,66+,CA,Female,High,Organic,Electronics,Smartphones,Apple,iPhone SE,490.0,400.0,1.0,18.0,490.0,9.0,81.0,Digital Wallet,4.0
2023-12-02,26-35,GA,Male,Middle,Others,Clothing,T-Shirts,Adidas,Performance,44.0,45.0,6.0,39.0,264.0,10.0,-16.0,Credit Card,4.0
2023-12-02,36-45,MI,Male,Middle,Others,Beauty,Makeup,Maybelline,Fit Me Foundation,16.0,15.0,3.0,22.0,47.0,8.0,-6.0,Credit Card,5.0
2023-12-02,26-35,NY,Male,High,Email,Electronics,Laptops,HP,Pavilion,641.0,600.0,1.0,17.0,641.0,18.0,23.0,Digital Wallet,11.0
2023-12-02,36-45,PA,Male,Middle,Email,Electronics,Smartphones,Apple,iPhone 15,974.0,800.0,4.0,12.0,3897.0,27.0,670.0,Debit Card,2.0
2023-12-02,26-35,CA,Male,Middle,Email,Clothing,T-Shirts,Nike,Dry-FIT,16.0,20.0,6.0,27.0,96.0,9.0,-33.0,Digital Wallet,6.0
2023-12-02,26-35,CA,Other,Middle,Organic,Beauty,Skincare,Neutrogena,Oil-Free Acne Wash,14.0,15.0,1.0,33.0,14.0,3.0,-4.0,Debit Card,3.0
2023-12-02,56-65,TX,Male,High,PPC,Clothing,T-Shirts,Nike,Pro,33.0,30.0,6.0,37.0,199.0,11.0,8.0,Credit Card,6.0
2023-12-02,66+,PA,Female,High,PPC,Beauty,Makeup,Maybelline,Lash Sensational Mascara,11.0,10.0,4.0,20.0,44.0,8.0,-4.0,Credit Card,5.0
2023-12-02,36-45,TX,Female,Low,Organic,Clothing,T-Shirts,Nike,Pro,37.0,30.0,1.0,21.0,37.0,6.0,1.0,Digital Wallet,6.0
2023-12-02,18-25,IL,Other,Middle,Organic,Clothing,T-Shirts,Nike,Sportswear,32.0,25.0,6.0,21.0,193.0,13.0,30.0,Digital Wallet,5.0
2023-12-02,26-35,IL,Female,Middle,Others,Home,Beds,Tempur-Pedic,Cloud Supreme,1900.0,1800.0,1.0,11.0,1900.0,23.0,78.0,Digital Wallet,4.0
2023-12-02,46-55,TX,Male,Middle,Email,Home,Beds,Tempur-Pedic,Cloud Supreme,1842.0,1800.0,3.0,10.0,5526.0,38.0,89.0,BNPL,5.0
2023-12-02,18-25,TX,Other,Low,Affiliates,Clothing,T-Shirts,Nike,Dry-FIT,21.0,20.0,3.0,30.0,64.0,7.0,-3.0,Credit Card,4.0
2023-12-02,18-25,IL,Male,Middle,PPC,Clothing,Jeans,Wrangler,Authentics,35.0,30.0,1.0,33.0,35.0,8.0,-3.0,Credit Card,3.0
2023-12-02,18-25,IL,Female,Middle,Email,Electronics,Smartphones,Apple,iPhone 15,912.0,800.0,4.0,15.0,3649.0,27.0,422.0,Digital Wallet,6.0
2023-12-02,56-65,TX,Male,Middle,PPC,Electronics,Laptops,Dell,XPS,1263.0,1300.0,3.0,19.0,3789.0,26.0,-137.0,Debit Card,4.0
2023-12-02,56-65,TX,Male,Low,Organic,Electronics,Laptops,Dell,XPS,1362.0,1300.0,3.0,12.0,4086.0,26.0,160.0,Digital Wallet,5.0
2023-12-02,18-25,NY,Female,Low,Others,Electronics,Smartphones,Apple,iPhone SE,472.0,400.0,1.0,22.0,472.0,14.0,58.0,Digital Wallet,5.0
2023-12-02,26-35,OH,Male,Middle,Affiliates,Home,Furniture,IKEA,Billy Bookcase,156.0,100.0,3.0,13.0,468.0,33.0,136.0,Debit Card,6.0
2023-12-02,26-35,GA,Other,Low,Affiliates,Clothing,Jeans,Wrangler,Regular Fit,45.0,35.0,1.0,24.0,45.0,5.0,5.0,Credit Card,4.0
2023-12-02,66+,PA,Male,Middle,Organic,Electronics,Smartphones,Apple,iPhone 15,933.0,800.0,1.0,17.0,933.0,13.0,120.0,Digital Wallet,3.0
2023-12-02,56-65,OH,Male,High,Organic,Electronics,Smartphones,Apple,iPhone 14,783.0,700.0,3.0,19.0,2348.0,19.0,230.0,Credit Card,7.0
2023-12-02,18-25,CA,Male,Low,Affiliates,Beauty,Makeup,Maybelline,Lash Sensational Mascara,9.0,10.0,6.0,22.0,53.0,5.0,-12.0,Credit Card,6.0
2023-12-02,26-35,TX,Male,Low,App,Electronics,Smartphones,Apple,iPhone SE,513.0,400.0,4.0,13.0,2052.0,25.0,427.0,Digital Wallet,5.0
2023-12-02,56-65,GA,Male,Middle,Others,Beauty,Skincare,Neutrogena,Rapid Wrinkle Repair,23.0,20.0,11.0,34.0,255.0,11.0,24.0,Digital Wallet,7.0
2023-12-02,46-55,PA,Male,Low,Organic,Home,Furniture,Ashley Furniture,Bed Frame,212.0,100.0,3.0,10.0,636.0,34.0,303.0,Debit Card,5.0
2023-12-02,36-45,MI,Female,Middle,Organic,Beauty,Makeup,Maybelline,Fit Me Foundation,14.0,15.0,6.0,23.0,87.0,10.0,-13.0,Credit Card,7.0
2023-12-02,36-45,NY,Male,Middle,Organic,Electronics,Smartphones,Apple,iPhone SE,470.0,400.0,3.0,20.0,1411.0,21.0,190.0,Credit Card,7.0
2023-12-02,46-55,TX,Female,Middle,Email,Home,Furniture,IKEA,Billy Bookcase,137.0,100.0,3.0,6.0,411.0,32.0,78.0,Debit Card,6.0
2023-12-02,46-55,NY,Male,Middle,Affiliates,Beauty,Skincare,Neutrogena,Rapid Wrinkle Repair,20.0,20.0,3.0,34.0,59.0,9.0,-10.0,Debit Card,4.0
2023-12-02,18-25,OH,Male,Middle,Affiliates,Clothing,Jeans,Wrangler,Regular Fit,41.0,35.0,4.0,30.0,164.0,11.0,14.0,Credit Card,5.0
2023-12-02,36-45,TX,Female,Middle,Email,Electronics,Smartphones,Apple,iPhone 15,901.0,800.0,3.0,18.0,2702.0,18.0,284.0,Digital Wallet,6.0
2023-12-02,36-45,TX,Other,Low,Email,Electronics,Laptops,Apple Laptop,MacBook Air M2,1089.0,1000.0,3.0,15.0,3266.0,26.0,240.0,Credit Card,4.0
2023-12-02,18-25,CA,Male,Low,Organic,Beauty,Makeup,Revlon,PhotoReady Concealer,13.0,12.0,1.0,21.0,13.0,3.0,-2.0,Credit Card,2.0
2023-12-02,46-55,TX,Female,Middle,App,Electronics,Laptops,HP,Envy,809.0,700.0,1.0,17.0,809.0,15.0,94.0,Credit Card,3.0
2023-12-02,26-35,NY,Female,High,Affiliates,Electronics,Laptops,Dell,XPS,1355.0,1300.0,1.0,16.0,1355.0,18.0,37.0,Debit Card,11.0
2023-12-02,36-45,PA,Other,Low,Email,Beauty,Skincare,Neutrogena,Oil-Free Acne Wash,14.0,15.0,4.0,34.0,56.0,9.0,-13.0,Debit Card,5.0
2023-12-02,26-35,OH,Female,Middle,App,Electronics,Smartphones,Apple,iPhone 14,846.0,700.0,1.0,17.0,846.0,12.0,134.0,Credit Card,2.0
2023-12-02,36-45,TX,Female,Low,Affiliates,Clothing,T-Shirts,Nike,Pro,28.0,30.0,6.0,38.0,169.0,11.0,-22.0,Credit Card,7.0
2023-12-02,26-35,IL,Male,Low,Affiliates,Electronics,Smartphones,Apple,iPhone 15,972.0,800.0,3.0,12.0,2915.0,20.0,495.0,Credit Card,4.0
2023-12-02,56-65,PA,Male,Middle,Email,Home,Furniture,IKEA,Kallax Shelf,67.0,60.0,1.0,14.0,67.0,20.0,-13.0,Credit Card,5.0
2023-12-02,26-35,NC,Female,Middle,Email,Electronics,Laptops,Dell,XPS,1454.0,1300.0,3.0,14.0,4363.0,30.0,433.0,Credit Card,4.0
2023-12-02,56-65,CA,Female,Low,Organic,Home,Furniture,IKEA,Billy Bookcase,124.0,100.0,1.0,12.0,124.0,16.0,8.0,Digital Wallet,3.0
2023-12-02,26-35,CA,Male,Middle,Affiliates,Home,Beds,Tempur-Pedic,Contour Elite,1746.0,1700.0,3.0,10.0,5237.0,36.0,102.0,Credit Card,5.0
2023-12-02,56-65,MI,Male,High,Organic,Home,Furniture,IKEA,Kallax Shelf,63.0,60.0,3.0,14.0,190.0,34.0,-24.0,Digital Wallet,7.0
2023-12-02,36-45,PA,Male,Middle,Email,Clothing,T-Shirts,Adidas,Performance,43.0,45.0,7.0,39.0,304.0,14.0,-25.0,Credit Card,6.0
2023-12-02,26-35,CA,Male,High,Organic,Electronics,Smartphones,Apple,iPhone SE,520.0,400.0,14.0,13.0,7283.0,72.0,1611.0,Debit Card,8.0
2023-12-02,66+,CA,Other,Middle,PPC,Beauty,Makeup,Maybelline,Fit Me Foundation,14.0,15.0,6.0,26.0,85.0,5.0,-11.0,Credit Card,5.0
2023-12-02,26-35,GA,Female,Middle,Others,Beauty,Makeup,Maybelline,Fit Me Foundation,13.0,15.0,4.0,25.0,51.0,6.0,-15.0,Digital Wallet,4.0
2023-12-02,26-35,CA,Other,Middle,Organic,Beauty,Skincare,Neutrogena,Hydro Boost Gel,17.0,20.0,6.0,30.0,100.0,6.0,-26.0,Debit Card,4.0
2023-12-02,26-35,MI,Male,High,Organic,Clothing,T-Shirts,Adidas,Performance,65.0,45.0,6.0,26.0,388.0,13.0,105.0,Credit Card,5.0
2023-12-02,18-25,MI,Male,Middle,Organic,Electronics,Laptops,Apple Laptop,MacBook Air M1,907.0,900.0,1.0,15.0,907.0,18.0,-11.0,Credit Card,3.0
2023-12-02,26-35,NY,Male,Middle,App,Electronics,Laptops,Apple Laptop,MacBook Air M2,1023.0,1000.0,3.0,15.0,3068.0,29.0,39.0,Debit Card,5.0
2023-12-02,56-65,GA,Other,Middle,App,Home,Beds,Tempur-Pedic,Cloud Supreme,1967.0,1800.0,1.0,7.0,1967.0,20.0,147.0,BNPL,5.0
2023-12-02,26-35,TX,Female,Middle,Email,Clothing,Jeans,Wrangler,Authentics,35.0,30.0,3.0,34.0,105.0,8.0,6.0,BNPL,5.0
2023-12-02,18-25,TX,Other,Middle,App,Beauty,Makeup,Revlon,ColorStay Lipstick,11.0,15.0,7.0,25.0,78.0,8.0,-35.0,Digital Wallet,2.0
2023-12-02,56-65,FL,Other,Low,Others,Beauty,Makeup,Maybelline,Lash Sensational Mascara,11.0,10.0,3.0,23.0,34.0,7.0,-3.0,Digital Wallet,5.0
2023-12-02,18-25,TX,Male,Middle,PPC,Electronics,Smartphones,Apple,iPhone 15,913.0,800.0,3.0,15.0,2738.0,18.0,320.0,Debit Card,3.0
2023-12-02,46-55,GA,Female,Middle,Organic,Electronics,Laptops,HP,Pavilion,728.0,600.0,1.0,11.0,728.0,14.0,114.0,Digital Wallet,4.0
2023-12-02,36-45,TX,Female,Middle,Organic,Beauty,Skincare,Neutrogena,Oil-Free Acne Wash,13.0,15.0,4.0,32.0,51.0,7.0,-16.0,Debit Card,5.0
2023-12-02,26-35,TX,Male,Middle,Affiliates,Electronics,Smartphones,Samsung,Galaxy A32,336.0,250.0,1.0,12.0,336.0,11.0,75.0,Digital Wallet,4.0
2023-12-02,26-35,PA,Other,Low,Organic,Home,Beds,Tempur-Pedic,Contour Elite,1844.0,1700.0,3.0,10.0,5532.0,39.0,392.0,Digital Wallet,9.0
2023-12-02,66+,IL,Male,High,Affiliates,Home,Beds,Tempur-Pedic,Contour Elite,1907.0,1700.0,3.0,6.0,5722.0,40.0,583.0,Digital Wallet,6.0
2023-12-02,56-65,MI,Female,Low,Affiliates,Clothing,Jeans,Wrangler,Authentics,45.0,30.0,4.0,24.0,181.0,13.0,48.0,Credit Card,6.0
2023-12-02,26-35,FL,Other,Low,Affiliates,Beauty,Makeup,Revlon,ColorStay Lipstick,16.0,15.0,4.0,29.0,62.0,8.0,-6.0,Digital Wallet,3.0
2023-12-02,18-25,NY,Female,High,Organic,Beauty,Makeup,Revlon,ColorStay Lipstick,15.0,15.0,6.0,29.0,88.0,10.0,-13.0,Digital Wallet,6.0
2023-12-02,26-35,GA,Female,Low,Others,Clothing,Jeans,Wrangler,Authentics,38.0,30.0,3.0,27.0,115.0,7.0,18.0,Digital Wallet,4.0
2023-12-02,36-45,PA,Male,Low,App,Home,Beds,Serta,iComfort,2218.0,1900.0,3.0,10.0,6655.0,39.0,916.0,Credit Card,5.0
2023-12-02,66+,CA,Male,Middle,Email,Electronics,Smartphones,Apple,iPhone SE,556.0,400.0,3.0,13.0,1668.0,16.0,452.0,Debit Card,3.0
2023-12-02,36-45,NY,Male,High,App,Clothing,T-Shirts,Adidas,Essentials,28.0,35.0,6.0,37.0,166.0,14.0,-58.0,Credit Card,5.0
2023-12-02,26-35,CA,Male,High,Others,Beauty,Skincare,Neutrogena,Hydro Boost Gel,16.0,20.0,1.0,34.0,16.0,3.0,-7.0,Digital Wallet,3.0
2023-12-02,26-35,TX,Male,Middle,Organic,Electronics,Smartphones,Apple,iPhone 15,819.0,800.0,4.0,22.0,3276.0,25.0,51.0,Debit Card,5.0
2023-12-02,46-55,FL,Male,Middle,Organic,Electronics,Smartphones,Apple,iPhone 14,831.0,700.0,3.0,17.0,2493.0,19.0,374.0,Credit Card,5.0
2023-12-02,66+,TX,Other,Middle,App,Clothing,Jeans,Wrangler,Authentics,37.0,30.0,4.0,26.0,147.0,10.0,16.0,Credit Card,3.0
2023-12-02,46-55,TX,Other,Middle,Organic,Electronics,Laptops,HP,Pavilion,676.0,600.0,3.0,14.0,2027.0,26.0,201.0,Digital Wallet,4.0
2023-12-02,26-35,IL,Female,Low,Organic,Home,Furniture,Ashley Furniture,Sofa,390.0,300.0,1.0,5.0,390.0,20.0,70.0,Credit Card,6.0
2023-12-02,66+,NY,Female,Middle,Affiliates,Home,Beds,Serta,iComfort,2026.0,1900.0,1.0,11.0,2026.0,24.0,102.0,Credit Card,4.0
2023-12-02,36-45,PA,Other,Low,Organic,Home,Furniture,Ashley Furniture,Bed Frame,221.0,100.0,1.0,8.0,221.0,20.0,101.0,Digital Wallet,7.0
2023-12-02,36-45,CA,Other,Middle,PPC,Home,Furniture,IKEA,Billy Bookcase,120.0,100.0,3.0,12.0,359.0,30.0,29.0,Credit Card,5.0
2023-12-02,18-25,NC,Female,Middle,Others,Home,Furniture,Ashley Furniture,Dining Table,252.0,200.0,3.0,9.0,756.0,36.0,120.0,Digital Wallet,5.0
2023-12-02,26-35,NC,Other,Middle,Affiliates,Beauty,Makeup,Maybelline,Fit Me Foundation,12.0,15.0,1.0,28.0,12.0,9.0,-12.0,Digital Wallet,3.0
2023-12-02,26-35,PA,Female,Middle,Others,Electronics,Laptops,Apple Laptop,MacBook Pro M3,1652.0,1500.0,1.0,10.0,1652.0,17.0,135.0,Digital Wallet,4.0
2023-12-02,26-35,PA,Male,Middle,Organic,Electronics,Smartphones,Apple,iPhone 14,884.0,700.0,4.0,14.0,3534.0,27.0,708.0,Credit Card,7.0
2023-12-02,26-35,IL,Male,Middle,App,Beauty,Makeup,Maybelline,Fit Me Foundation,14.0,15.0,8.0,22.0,112.0,11.0,-19.0,Credit Card,6.0
2023-12-02,26-35,FL,Other,High,PPC,Electronics,Smartphones,Apple,iPhone 15,962.0,800.0,4.0,12.0,3848.0,26.0,622.0,Credit Card,7.0
2023-12-02,26-35,FL,Male,Middle,Affiliates,Home,Beds,Tempur-Pedic,Contour Elite,1911.0,1700.0,1.0,6.0,1911.0,22.0,189.0,Credit Card,4.0
2023-12-02,26-35,PA,Male,Middle,Email,Electronics,Smartphones,Samsung,Galaxy S21,487.0,500.0,4.0,21.0,1947.0,27.0,-79.0,Digital Wallet,4.0
2023-12-02,26-35,NY,Other,Low,App,Electronics,Smartphones,Apple,iPhone 14,805.0,700.0,4.0,18.0,3219.0,28.0,391.0,Digital Wallet,7.0
2023-12-02,26-35,OH,Male,Middle,Others,Home,Furniture,IKEA,Billy Bookcase,145.0,100.0,3.0,8.0,435.0,33.0,102.0,Debit Card,6.0
2023-12-02,56-65,PA,Male,Low,PPC,Clothing,T-Shirts,Nike,Pro,42.0,30.0,1.0,22.0,42.0,7.0,5.0,Digital Wallet,4.0
2023-12-02,36-45,CA,Other,Middle,Organic,Home,Furniture,IKEA,Billy Bookcase,123.0,100.0,1.0,14.0,123.0,16.0,7.0,BNPL,3.0
2023-12-02,66+,OH,Female,Low,App,Home,Furniture,IKEA,Kallax Shelf,67.0,60.0,1.0,13.0,67.0,19.0,-11.0,Debit Card,9.0
2023-12-02,36-45,NC,Male,High,Organic,Home,Furniture,IKEA,Kallax Shelf,73.0,60.0,3.0,7.0,220.0,36.0,4.0,Credit Card,6.0
2023-12-02,26-35,MI,Female,High,Organic,Electronics,Laptops,Apple Laptop,MacBook Air M2,995.0,1000.0,3.0,15.0,2985.0,29.0,-44.0,Digital Wallet,7.0
2023-12-02,56-65,IL,Other,High,Organic,Home,Furniture,IKEA,Kallax Shelf,71.0,60.0,3.0,7.0,214.0,34.0,-0.0,Credit Card,6.0
2023-12-02,56-65,TX,Male,Middle,Affiliates,Home,Furniture,IKEA,Billy Bookcase,141.0,100.0,3.0,12.0,422.0,32.0,90.0,Credit Card,5.0
2023-12-02,66+,FL,Male,Low,App,Electronics,Laptops,Apple Laptop,MacBook Air M2,1076.0,1000.0,3.0,18.0,3228.0,27.0,200.0,Digital Wallet,6.0
2023-12-02,36-45,FL,Male,Middle,Email,Home,Furniture,IKEA,Billy Bookcase,132.0,100.0,3.0,14.0,395.0,33.0,62.0,Digital Wallet,5.0
2023-12-02,66+,NY,Female,Middle,App,Home,Furniture,Ashley Furniture,Dining Table,295.0,200.0,1.0,9.0,295.0,21.0,74.0,Debit Card,5.0
2023-12-02,46-55,IL,Male,Middle,Organic,Beauty,Makeup,Maybelline,Lash Sensational Mascara,8.0,10.0,1.0,22.0,8.0,7.0,-8.0,Digital Wallet,4.0
2023-12-02,56-65,CA,Male,Middle,App,Home,Furniture,Ashley Furniture,Sofa,366.0,300.0,1.0,13.0,366.0,16.0,50.0,Credit Card,4.0
2023-12-02,26-35,IL,Female,High,App,Electronics,Smartphones,Apple,iPhone SE,480.0,400.0,1.0,13.0,480.0,13.0,67.0,Credit Card,3.0
2023-12-02,66+,OH,Female,High,PPC,Electronics,Smartphones,Apple,iPhone 15,876.0,800.0,1.0,22.0,876.0,12.0,64.0,BNPL,3.0
2023-12-02,46-55,IL,Female,High,Others,Electronics,Smartphones,Apple,iPhone 14,797.0,700.0,1.0,20.0,797.0,13.0,84.0,Digital Wallet,4.0
2023-12-02,56-65,NY,Male,Middle,App,Electronics,Laptops,Apple Laptop,MacBook Pro M3,1570.0,1500.0,1.0,12.0,1570.0,18.0,52.0,BNPL,6.0
2023-12-02,26-35,OH,Male,High,Affiliates,Home,Furniture,IKEA,Billy Bookcase,126.0,100.0,3.0,9.0,377.0,33.0,44.0,Digital Wallet,5.0
2023-12-02,26-35,IL,Male,Low,Organic,Clothing,T-Shirts,Adidas,Performance,46.0,45.0,6.0,32.0,275.0,13.0,-8.0,Debit Card,5.0
2023-12-02,18-25,PA,Male,High,Others,Electronics,Laptops,Apple Laptop,MacBook Air M2,1037.0,1000.0,3.0,19.0,3112.0,28.0,84.0,Digital Wallet,4.0
2023-12-02,46-55,FL,Male,Middle,Others,Beauty,Makeup,Maybelline,Fit Me Foundation,12.0,15.0,4.0,21.0,48.0,8.0,-20.0,Credit Card,5.0
2023-12-02,36-45,TX,Female,Middle,Organic,Home,Furniture,IKEA,Kallax Shelf,63.0,60.0,3.0,13.0,190.0,32.0,-22.0,Digital Wallet,5.0
2023-12-02,46-55,FL,Male,Middle,Organic,Clothing,T-Shirts,Adidas,Performance,55.0,45.0,4.0,29.0,220.0,10.0,29.0,Credit Card,4.0
2023-12-02,18-25,OH,Male,Middle,PPC,Home,Furniture,IKEA,Kallax Shelf,72.0,60.0,3.0,13.0,216.0,33.0,4.0,Credit Card,5.0
2023-12-02,36-45,TX,Female,Middle,Affiliates,Beauty,Makeup,Revlon,PhotoReady Concealer,11.0,12.0,4.0,28.0,43.0,7.0,-12.0,Credit Card,4.0
2023-12-02,26-35,FL,Other,Middle,Email,Beauty,Skincare,Neutrogena,Rapid Wrinkle Repair,19.0,20.0,4.0,32.0,78.0,8.0,-10.0,Credit Card,4.0
2023-12-02,46-55,IL,Male,Low,Affiliates,Home,Furniture,IKEA,Billy Bookcase,148.0,100.0,3.0,7.0,444.0,34.0,110.0,Credit Card,6.0
2023-12-02,36-45,PA,Female,High,Organic,Clothing,T-Shirts,Nike,Dry-FIT,15.0,20.0,7.0,39.0,108.0,14.0,-46.0,Credit Card,7.0
2023-12-02,26-35,NY,Male,Middle,Others,Beauty,Makeup,Maybelline,Fit Me Foundation,15.0,15.0,4.0,27.0,62.0,10.0,-8.0,Credit Card,4.0
2023-12-02,46-55,NY,Female,High,Others,Home,Furniture,IKEA,Billy Bookcase,145.0,100.0,3.0,11.0,436.0,35.0,101.0,Credit Card,5.0
2023-12-02,26-35,OH,Male,Low,Organic,Electronics,Smartphones,Apple,iPhone SE,495.0,400.0,1.0,18.0,495.0,12.0,83.0,Credit Card,3.0
2023-12-02,26-35,TX,Male,Middle,App,Electronics,Smartphones,Samsung,Galaxy A32,293.0,250.0,1.0,21.0,293.0,11.0,32.0,BNPL,4.0
2023-12-02,26-35,TX,Female,Low,PPC,Beauty,Skincare,Neutrogena,Oil-Free Acne Wash,12.0,15.0,4.0,34.0,46.0,7.0,-21.0,Debit Card,4.0
2023-12-02,18-25,NY,Female,Low,Organic,Clothing,Jeans,Wrangler,Authentics,39.0,30.0,3.0,26.0,116.0,11.0,15.0,Digital Wallet,4.0
2023-12-02,26-35,FL,Other,Low,Organic,Home,Beds,Tempur-Pedic,Cloud Supreme,1919.0,1800.0,3.0,9.0,5757.0,39.0,319.0,Credit Card,5.0
2023-12-02,56-65,TX,Other,Low,App,Electronics,Laptops,Dell,XPS,1407.0,1300.0,1.0,13.0,1407.0,15.0,92.0,Debit Card,5.0
2023-12-02,36-45,NC,Other,Low,Email,Home,Beds,Tempur-Pedic,Cloud Supreme,1873.0,1800.0,3.0,11.0,5618.0,42.0,176.0,Debit Card,6.0
2023-12-02,46-55,TX,Male,Middle,App,Beauty,Makeup,Maybelline,Fit Me Foundation,17.0,15.0,8.0,25.0,135.0,9.0,6.0,Digital Wallet,12.0
2023-12-02,26-35,PA,Male,Middle,Affiliates,Electronics,Laptops,Dell,Inspiron,749.0,600.0,1.0,12.0,749.0,17.0,132.0,Credit Card,4.0
2023-12-02,18-25,CA,Male,Middle,Organic,Home,Furniture,IKEA,Billy Bookcase,145.0,100.0,3.0,6.0,435.0,30.0,105.0,Debit Card,4.0
2023-12-02,26-35,NY,Female,Low,Organic,Electronics,Smartphones,Samsung,Galaxy S21,632.0,500.0,3.0,19.0,1897.0,21.0,376.0,Digital Wallet,4.0
2023-12-02,36-45,TX,Female,High,Organic,Clothing,T-Shirts,Nike,Pro,33.0,30.0,6.0,28.0,198.0,11.0,8.0,Digital Wallet,6.0
2023-12-02,66+,NC,Male,Low,App,Electronics,Laptops,HP,Pavilion,700.0,600.0,3.0,14.0,2099.0,30.0,269.0,Credit Card,9.0
2023-12-02,46-55,FL,Male,Low,Organic,Electronics,Laptops,HP,Envy,788.0,700.0,3.0,14.0,2365.0,27.0,238.0,BNPL,6.0
2023-12-02,36-45,NC,Female,High,Others,Home,Furniture,IKEA,Kallax Shelf,69.0,60.0,1.0,6.0,69.0,22.0,-13.0,Debit Card,5.0
2023-12-02,26-35,PA,Female,Middle,Organic,Beauty,Makeup,Revlon,ColorStay Lipstick,17.0,15.0,17.0,23.0,284.0,16.0,14.0,Debit Card,12.0
2023-12-02,36-45,MI,Other,Middle,App,Electronics,Smartphones,Apple,iPhone 14,765.0,700.0,4.0,19.0,3058.0,27.0,231.0,Digital Wallet,5.0
2023-12-02,46-55,CA,Female,High,Organic,Home,Furniture,IKEA,Billy Bookcase,150.0,100.0,3.0,6.0,450.0,30.0,120.0,Credit Card,7.0
2023-12-02,26-35,FL,Male,Middle,Organic,Beauty,Makeup,Revlon,PhotoReady Concealer,13.0,12.0,4.0,25.0,53.0,8.0,-3.0,Credit Card,5.0
2023-12-02,66+,NY,Other,Low,Email,Home,Furniture,IKEA,Billy Bookcase,143.0,100.0,3.0,5.0,429.0,35.0,94.0,Digital Wallet,5.0
2023-12-02,26-35,NY,Female,Middle,Others,Clothing,T-Shirts,Nike,Sportswear,27.0,25.0,4.0,30.0,110.0,12.0,-2.0,Credit Card,5.0
2023-12-02,26-35,CA,Male,Middle,Organic,Beauty,Makeup,Maybelline,Fit Me Foundation,11.0,15.0,1.0,25.0,11.0,3.0,-7.0,Credit Card,2.0
2023-12-02,56-65,MI,Male,Middle,Email,Electronics,Smartphones,Apple,iPhone 14,887.0,700.0,4.0,12.0,3548.0,27.0,721.0,Credit Card,6.0
2023-12-02,18-25,NY,Male,Middle,Email,Home,Furniture,IKEA,Billy Bookcase,122.0,100.0,1.0,9.0,122.0,21.0,1.0,Digital Wallet,5.0
2023-12-02,46-55,NY,Male,Middle,App,Home,Furniture,IKEA,Billy Bookcase,121.0,100.0,1.0,11.0,121.0,21.0,-0.0,Credit Card,4.0
2023-12-02,18-25,MI,Male,Middle,Organic,Electronics,Smartphones,Apple,iPhone 14,855.0,700.0,3.0,15.0,2564.0,20.0,444.0,BNPL,4.0
2023-12-02,66+,IL,Female,Middle,App,Home,Furniture,IKEA,Billy Bookcase,129.0,100.0,3.0,9.0,386.0,34.0,51.0,BNPL,5.0
2023-12-02,18-25,GA,Male,Middle,App,Beauty,Makeup,Maybelline,Lash Sensational Mascara,11.0,10.0,6.0,29.0,66.0,6.0,-0.0,BNPL,5.0
2023-12-02,46-55,TX,Male,Middle,Email,Electronics,Smartphones,Samsung,Galaxy A32,280.0,250.0,4.0,22.0,1121.0,25.0,96.0,Credit Card,5.0
2023-12-02,36-45,OH,Other,Middle,PPC,Home,Furniture,IKEA,Kallax Shelf,64.0,60.0,3.0,8.0,191.0,33.0,-21.0,Debit Card,6.0
2023-12-02,36-45,TX,Other,High,App,Beauty,Makeup,Revlon,PhotoReady Concealer,13.0,12.0,7.0,26.0,89.0,8.0,-3.0,Debit Card,6.0
2023-12-02,46-55,TX,Female,High,Email,Clothing,Jeans,Wrangler,Regular Fit,44.0,35.0,3.0,25.0,133.0,8.0,19.0,Credit Card,4.0
2023-12-02,36-45,FL,Male,Low,Affiliates,Home,Furniture,IKEA,Kallax Shelf,67.0,60.0,1.0,7.0,67.0,19.0,-12.0,Debit Card,5.0
2023-12-02,26-35,PA,Other,Middle,Email,Beauty,Skincare,Neutrogena,Rapid Wrinkle Repair,24.0,20.0,3.0,33.0,71.0,8.0,4.0,Credit Card,4.0
2023-12-02,66+,TX,Other,Low,Organic,Home,Furniture,IKEA,Billy Bookcase,111.0,100.0,3.0,9.0,333.0,32.0,0.0,Credit Card,5.0
2023-12-02,46-55,TX,Female,Low,App,Electronics,Smartphones,Samsung,Galaxy S21,601.0,500.0,4.0,16.0,2403.0,25.0,378.0,BNPL,5.0
2023-12-02,26-35,TX,Male,Low,Affiliates,Beauty,Skincare,Neutrogena,Oil-Free Acne Wash,17.0,15.0,6.0,32.0,99.0,8.0,1.0,Debit Card,5.0
2023-12-02,26-35,NY,Female,Middle,App,Home,Furniture,Ashley Furniture,Sofa,428.0,300.0,3.0,7.0,1285.0,35.0,349.0,Credit Card,6.0
2023-12-02,56-65,TX,Male,High,Affiliates,Beauty,Makeup,Maybelline,Lash Sensational Mascara,14.0,10.0,7.0,20.0,96.0,8.0,17.0,Digital Wallet,6.0
2023-12-02,36-45,NY,Female,Middle,Affiliates,Home,Furniture,Ashley Furniture,Sofa,383.0,300.0,1.0,10.0,383.0,21.0,62.0,Credit Card,5.0
2023-12-02,18-25,OH,Other,Middle,Organic,Home,Furniture,IKEA,Kallax Shelf,83.0,60.0,3.0,9.0,248.0,33.0,35.0,Debit Card,5.0
2023-12-02,56-65,PA,Other,Low,Email,Electronics,Smartphones,Samsung,Galaxy A32,307.0,250.0,1.0,15.0,307.0,13.0,44.0,BNPL,4.0
2023-12-02,26-35,TX,Male,High,Others,Electronics,Smartphones,Apple,iPhone 15,857.0,800.0,3.0,20.0,2572.0,18.0,154.0,Debit Card,5.0
2023-12-02,18-25,PA,Female,Middle,Email,Home,Furniture,IKEA,Billy Bookcase,131.0,100.0,1.0,13.0,131.0,20.0,11.0,Credit Card,5.0
2023-12-02,26-35,OH,Other,Low,Affiliates,Home,Beds,Tempur-Pedic,Cloud Supreme,1963.0,1800.0,1.0,8.0,1963.0,21.0,142.0,BNPL,4.0
2023-12-02,26-35,FL,Male,Low,Email,Electronics,Laptops,Apple Laptop,MacBook Pro M2,1247.0,1200.0,1.0,11.0,1247.0,16.0,30.0,Debit Card,4.0
2023-12-02,66+,NY,Male,Low,Email,Home,Furniture,IKEA,Billy Bookcase,129.0,100.0,1.0,10.0,129.0,21.0,8.0,Debit Card,4.0
2023-12-02,46-55,IL,Female,Low,Others,Electronics,Smartphones,Samsung,Galaxy Z Fold 5,1402.0,1500.0,3.0,19.0,4206.0,20.0,-314.0,Debit Card,5.0
2023-12-02,46-55,TX,Female,Low,Organic,Beauty,Skincare,Neutrogena,Hydro Boost Gel,17.0,20.0,3.0,27.0,51.0,6.0,-15.0,Digital Wallet,5.0
2023-12-02,36-45,CA,Male,Low,Others,Home,Furniture,IKEA,Kallax Shelf,72.0,60.0,1.0,11.0,72.0,16.0,-4.0,BNPL,5.0
2023-12-02,56-65,NY,Male,High,Others,Beauty,Makeup,Maybelline,Lash Sensational Mascara,10.0,10.0,4.0,24.0,40.0,10.0,-10.0,Credit Card,4.0
2023-12-02,36-45,CA,Other,High,Organic,Electronics,Laptops,Apple Laptop,MacBook Pro M3,1673.0,1500.0,3.0,10.0,5019.0,24.0,494.0,Debit Card,4.0
2023-12-02,66+,TX,Female,Middle,Others,Home,Furniture,IKEA,Billy Bookcase,119.0,100.0,3.0,9.0,358.0,32.0,26.0,Debit Card,4.0
2023-12-02,56-65,PA,Male,Middle,App,Home,Beds,Tempur-Pedic,Cloud Supreme,1798.0,1800.0,1.0,12.0,1798.0,22.0,-24.0,Digital Wallet,5.0
2023-12-02,66+,TX,Male,Middle,App,Beauty,Makeup,Revlon,PhotoReady Concealer,13.0,12.0,3.0,25.0,40.0,6.0,-1.0,Debit Card,4.0
2023-12-02,36-45,PA,Other,Middle,Affiliates,Beauty,Makeup,Maybelline,Fit Me Foundation,11.0,15.0,8.0,21.0,89.0,11.0,-42.0,BNPL,8.0
2023-12-02,66+,CA,Other,Middle,Affiliates,Electronics,Laptops,Apple Laptop,MacBook Pro M2,1200.0,1200.0,3.0,15.0,3600.0,24.0,-24.0,Debit Card,4.0
2023-12-02,26-35,FL,Female,Middle,Others,Home,Beds,Tempur-Pedic,Contour Elite,1797.0,1700.0,1.0,7.0,1797.0,22.0,75.0,Digital Wallet,5.0
2023-12-02,36-45,TX,Other,High,App,Home,Furniture,Ashley Furniture,Bed Frame,240.0,100.0,1.0,5.0,240.0,18.0,122.0,Credit Card,7.0
2023-12-02,18-25,NY,Other,Low,App,Home,Furniture,Ashley Furniture,Dining Table,294.0,200.0,1.0,11.0,294.0,21.0,73.0,Credit Card,5.0
2023-12-02,36-45,TX,Other,Low,App,Clothing,Jeans,Wrangler,Authentics,34.0,30.0,4.0,28.0,135.0,10.0,5.0,Digital Wallet,4.0
2023-12-02,56-65,CA,Male,Middle,Email,Home,Beds,Tempur-Pedic,Cloud Supreme,1901.0,1800.0,1.0,9.0,1901.0,19.0,82.0,Debit Card,4.0
2023-12-02,56-65,CA,Male,Middle,Affiliates,Beauty,Makeup,Maybelline,Lash Sensational Mascara,9.0,10.0,17.0,25.0,160.0,12.0,-22.0,Digital Wallet,12.0
2023-12-02,46-55,FL,Other,High,Others,Home,Furniture,Ashley Furniture,Sofa,439.0,300.0,1.0,8.0,439.0,19.0,120.0,Debit Card,5.0
2023-12-02,46-55,GA,Male,Middle,PPC,Electronics,Laptops,Apple Laptop,MacBook Air M2,1186.0,1000.0,1.0,13.0,1186.0,14.0,172.0,Debit Card,2.0
2023-12-02,56-65,TX,Male,Middle,App,Beauty,Makeup,Maybelline,Fit Me Foundation,13.0,15.0,6.0,20.0,76.0,7.0,-21.0,Credit Card,5.0
2023-12-02,36-45,CA,Female,High,App,Electronics,Smartphones,Apple,iPhone 14,838.0,700.0,3.0,16.0,2513.0,16.0,397.0,Credit Card,4.0
2023-12-02,36-45,NY,Female,Middle,Organic,Beauty,Skincare,Neutrogena,Oil-Free Acne Wash,12.0,15.0,3.0,33.0,35.0,9.0,-19.0,BNPL,4.0
2023-12-02,26-35,TX,Other,Low,App,Beauty,Makeup,Maybelline,Fit Me Foundation,15.0,15.0,1.0,22.0,15.0,5.0,-5.0,Credit Card,2.0
2023-12-02,46-55,TX,Female,Low,Email,Beauty,Makeup,Maybelline,Lash Sensational Mascara,15.0,10.0,6.0,20.0,91.0,7.0,23.0,Digital Wallet,6.0
2023-12-02,18-25,FL,Male,Middle,Organic,Beauty,Makeup,Revlon,ColorStay Lipstick,17.0,15.0,7.0,22.0,119.0,9.0,5.0,Credit Card,7.0
2023-12-02,36-45,NY,Male,High,Email,Home,Furniture,IKEA,Kallax Shelf,74.0,60.0,3.0,11.0,223.0,35.0,8.0,Credit Card,6.0
2023-12-02,26-35,FL,Male,Middle,Organic,Electronics,Smartphones,Apple,iPhone 15,881.0,800.0,1.0,20.0,881.0,12.0,69.0,Credit Card,4.0
2023-12-02,46-55,CA,Male,Middle,Organic,Beauty,Makeup,Maybelline,Fit Me Foundation,12.0,15.0,1.0,21.0,12.0,3.0,-6.0,Debit Card,4.0
2023-12-02,56-65,TX,Other,Low,PPC,Electronics,Smartphones,Samsung,Galaxy A32,325.0,250.0,4.0,17.0,1301.0,25.0,276.0,Credit Card,4.0
2023-12-02,36-45,MI,Male,Middle,Organic,Beauty,Makeup,Maybelline,Lash Sensational Mascara,12.0,10.0,6.0,26.0,73.0,10.0,3.0,Digital Wallet,5.0
2023-12-02,26-35,FL,Male,Middle,Others,Home,Beds,Serta,iComfort,2119.0,1900.0,3.0,12.0,6358.0,39.0,620.0,Credit Card,6.0
2023-12-02,26-35,CA,Other,High,App,Home,Furniture,IKEA,Kallax Shelf,66.0,60.0,3.0,13.0,197.0,30.0,-13.0,Credit Card,5.0
2023-12-02,18-25,PA,Male,Middle,Others,Electronics,Laptops,HP,Envy,692.0,700.0,3.0,17.0,2075.0,28.0,-53.0,Debit Card,5.0
2023-12-02,26-35,TX,Female,Middle,Organic,Home,Furniture,IKEA,Billy Bookcase,134.0,100.0,1.0,9.0,134.0,18.0,16.0,Debit Card,4.0
2023-12-02,26-35,PA,Female,Low,Affiliates,Home,Furniture,Ashley Furniture,Sofa,435.0,300.0,1.0,6.0,435.0,20.0,116.0,Debit Card,5.0
2023-12-02,36-45,IL,Female,Low,PPC,Home,Furniture,IKEA,Kallax Shelf,72.0,60.0,3.0,12.0,216.0,34.0,2.0,Digital Wallet,6.0
2023-12-02,36-45,TX,Female,Middle,Email,Home,Beds,Tempur-Pedic,Cloud Supreme,1861.0,1800.0,3.0,12.0,5583.0,38.0,145.0,Credit Card,5.0
2023-12-02,36-45,NY,Female,Middle,Email,Electronics,Laptops,Dell,Inspiron,742.0,600.0,1.0,10.0,742.0,18.0,124.0,BNPL,4.0
2023-12-02,36-45,OH,Male,Low,App,Beauty,Makeup,Revlon,ColorStay Lipstick,15.0,15.0,3.0,23.0,45.0,6.0,-6.0,Credit Card,4.0
2023-12-02,26-35,NY,Male,Low,Organic,Home,Furniture,Ashley Furniture,Sofa,371.0,300.0,3.0,14.0,1112.0,35.0,177.0,Digital Wallet,7.0
2023-12-02,36-45,CA,Female,Middle,Organic,Beauty,Makeup,Maybelline,Fit Me Foundation,17.0,15.0,1.0,22.0,17.0,3.0,-1.0,Digital Wallet,2.0
2023-12-02,46-55,IL,Male,Middle,App,Beauty,Makeup,Maybelline,Lash Sensational Mascara,9.0,10.0,1.0,28.0,9.0,7.0,-8.0,Credit Card,4.0
2023-12-02,26-35,NY,Male,High,Others,Home,Furniture,Ashley Furniture,Sofa,403.0,300.0,1.0,12.0,403.0,21.0,82.0,Credit Card,7.0
2023-12-02,26-35,IL,Female,Middle,Organic,Beauty,Skincare,Neutrogena,Hydro Boost Gel,21.0,20.0,3.0,26.0,63.0,8.0,-5.0,Digital Wallet,5.0
2023-12-02,66+,CA,Male,Low,Affiliates,Electronics,Laptops,HP,Pavilion,694.0,600.0,1.0,11.0,694.0,13.0,80.0,Debit Card,6.0
2023-12-02,56-65,CA,Male,Middle,App,Home,Furniture,IKEA,Kallax Shelf,86.0,60.0,3.0,8.0,259.0,30.0,49.0,Digital Wallet,4.0
2023-12-02,46-55,TX,Female,Middle,App,Home,Furniture,Ashley Furniture,Dining Table,310.0,200.0,3.0,12.0,931.0,32.0,299.0,Digital Wallet,5.0
2023-12-02,46-55,IL,Female,Low,Affiliates,Electronics,Smartphones,Apple,iPhone 14,775.0,700.0,3.0,21.0,2324.0,20.0,204.0,BNPL,7.0
2023-12-02,26-35,PA,Other,Middle,Organic,Electronics,Smartphones,Samsung,Galaxy Z Fold 5,1510.0,1500.0,1.0,17.0,1510.0,13.0,-2.0,Credit Card,4.0
2023-12-02,36-45,MI,Female,Low,Email,Home,Furniture,Ashley Furniture,Bed Frame,242.0,100.0,3.0,7.0,727.0,34.0,392.0,Credit Card,5.0
2023-12-02,18-25,CA,Female,Low,App,Home,Beds,Tempur-Pedic,Cloud Supreme,1954.0,1800.0,1.0,6.0,1954.0,19.0,135.0,Credit Card,5.0
2023-12-02,36-45,NY,Female,Middle,Affiliates,Beauty,Skincare,Neutrogena,Oil-Free Acne Wash,14.0,15.0,6.0,26.0,84.0,11.0,-17.0,Debit Card,7.0
2023-12-02,56-65,FL,Other,High,Organic,Electronics,Smartphones,Samsung,Galaxy S21,569.0,500.0,3.0,12.0,1706.0,19.0,187.0,Credit Card,5.0
2023-12-02,18-25,OH,Male,Low,App,Beauty,Skincare,Neutrogena,Oil-Free Acne Wash,15.0,15.0,6.0,30.0,89.0,9.0,-9.0,Credit Card,5.0
2023-12-02,18-25,NY,Male,Low,Organic,Electronics,Smartphones,Apple,iPhone 15,859.0,800.0,3.0,19.0,2577.0,21.0,156.0,Credit Card,5.0
2023-12-02,56-65,TX,Male,Low,Email,Home,Furniture,IKEA,Billy Bookcase,145.0,100.0,1.0,10.0,145.0,18.0,27.0,BNPL,4.0
2023-12-02,18-25,OH,Male,High,App,Clothing,T-Shirts,Nike,Sportswear,27.0,25.0,6.0,33.0,163.0,11.0,2.0,Credit Card,5.0
2023-12-02,18-25,GA,Female,Middle,Organic,Clothing,T-Shirts,Nike,Sportswear,27.0,25.0,4.0,25.0,109.0,8.0,1.0,Credit Card,4.0
2023-12-02,36-45,CA,Male,Middle,PPC,Beauty,Skincare,Neutrogena,Rapid Wrinkle Repair,25.0,20.0,6.0,27.0,152.0,6.0,26.0,Digital Wallet,5.0
2023-12-02,56-65,TX,Male,High,Affiliates,Home,Furniture,IKEA,Billy Bookcase,168.0,100.0,3.0,5.0,503.0,32.0,171.0,Debit Card,5.0
2023-12-02,56-65,OH,Female,Low,Organic,Home,Furniture,Ashley Furniture,Sofa,360.0,300.0,1.0,12.0,360.0,19.0,41.0,Digital Wallet,4.0
2023-12-02,26-35,TX,Other,Middle,Email,Home,Beds,Serta,Perfect Sleeper,886.0,750.0,3.0,6.0,2659.0,38.0,371.0,Debit Card,5.0
2023-12-02,18-25,FL,Female,Middle,Email,Beauty,Makeup,Maybelline,Fit Me Foundation,17.0,15.0,6.0,24.0,99.0,8.0,1.0,Debit Card,7.0
2023-12-02,36-45,GA,Female,Middle,Organic,Beauty,Skincare,Neutrogena,Rapid Wrinkle Repair,25.0,20.0,3.0,26.0,76.0,5.0,10.0,Debit Card,2.0
2023-12-02,18-25,FL,Male,Middle,PPC,Clothing,T-Shirts,Nike,Sportswear,27.0,25.0,1.0,21.0,27.0,7.0,-4.0,Digital Wallet,3.0
2023-12-02,66+,PA,Male,Middle,Others,Home,Beds,Tempur-Pedic,Contour Elite,1713.0,1700.0,3.0,10.0,5138.0,39.0,-1.0,Credit Card,6.0
2023-12-02,26-35,CA,Female,Middle,App,Clothing,T-Shirts,Nike,Dry-FIT,23.0,20.0,6.0,20.0,140.0,9.0,11.0,Digital Wallet,4.0
2023-12-02,36-45,IL,Male,Middle,Others,Beauty,Makeup,Maybelline,Lash Sensational Mascara,12.0,10.0,4.0,26.0,47.0,9.0,-2.0,Debit Card,4.0
2023-12-02,18-25,IL,Female,Middle,Organic,Home,Furniture,IKEA,Billy Bookcase,129.0,100.0,3.0,11.0,387.0,34.0,53.0,Digital Wallet,7.0
2023-12-02,18-25,FL,Female,Middle,Affiliates,Electronics,Laptops,Dell,Inspiron,730.0,600.0,3.0,15.0,2189.0,27.0,362.0,Credit Card,4.0
2023-12-02,26-35,FL,Male,Middle,PPC,Electronics,Laptops,Apple Laptop,MacBook Air M2,1080.0,1000.0,1.0,13.0,1080.0,16.0,64.0,Credit Card,4.0
2023-12-02,66+,GA,Male,Middle,Organic,Home,Beds,Serta,Perfect Sleeper,836.0,750.0,3.0,11.0,2507.0,37.0,220.0,Credit Card,6.0
2023-12-02,26-35,NC,Female,Middle,Others,Home,Beds,Tempur-Pedic,Contour Elite,1941.0,1700.0,3.0,6.0,5823.0,42.0,682.0,Digital Wallet,5.0
2023-12-02,36-45,TX,Other,Middle,Organic,Clothing,T-Shirts,Adidas,Essentials,31.0,35.0,7.0,24.0,214.0,12.0,-44.0,Digital Wallet,6.0
2023-12-02,26-35,TX,Female,Middle,Organic,Electronics,Laptops,Dell,XPS,1339.0,1300.0,1.0,18.0,1339.0,15.0,24.0,Digital Wallet,4.0
2023-12-02,18-25,PA,Female,High,Organic,Beauty,Makeup,Maybelline,Fit Me Foundation,16.0,15.0,3.0,20.0,48.0,7.0,-4.0,Credit Card,4.0
2023-12-02,36-45,CA,Male,Low,Organic,Beauty,Skincare,Neutrogena,Rapid Wrinkle Repair,22.0,20.0,6.0,25.0,132.0,6.0,6.0,Debit Card,5.0
2023-12-02,36-45,NY,Other,Low,Email,Electronics,Smartphones,Apple,iPhone 14,806.0,700.0,1.0,21.0,806.0,14.0,92.0,Digital Wallet,6.0
2023-12-02,26-35,TX,Other,Low,App,Electronics,Smartphones,Samsung,Galaxy S21,659.0,500.0,4.0,13.0,2636.0,25.0,611.0,Digital Wallet,5.0
2023-12-02,66+,FL,Female,High,PPC,Home,Furniture,IKEA,Billy Bookcase,144.0,100.0,3.0,11.0,431.0,33.0,98.0,BNPL,6.0
2023-12-02,56-65,GA,Male,High,Others,Home,Furniture,IKEA,Billy Bookcase,130.0,100.0,1.0,13.0,130.0,17.0,13.0,Digital Wallet,5.0
2023-12-02,56-65,IL,Male,Middle,Email,Electronics,Smartphones,Samsung,Galaxy A32,295.0,250.0,3.0,12.0,884.0,20.0,114.0,Digital Wallet,6.0
2023-12-02,18-25,FL,Other,Low,App,Home,Furniture,IKEA,Billy Bookcase,155.0,100.0,1.0,13.0,155.0,19.0,36.0,Digital Wallet,5.0
2023-12-02,26-35,GA,Male,Middle,Organic,Electronics,Laptops,HP,Envy,779.0,700.0,3.0,16.0,2338.0,25.0,212.0,Debit Card,4.0
2023-12-02,18-25,FL,Male,Middle,Email,Beauty,Skincare,Neutrogena,Hydro Boost Gel,18.0,20.0,3.0,33.0,54.0,7.0,-13.0,Credit Card,3.0
2023-12-02,66+,NY,Other,Middle,PPC,Home,Beds,Serta,iComfort,2223.0,1900.0,1.0,6.0,2223.0,24.0,299.0,Debit Card,5.0
2023-12-02,18-25,GA,Male,Middle,Affiliates,Beauty,Skincare,Neutrogena,Oil-Free Acne Wash,14.0,15.0,1.0,33.0,14.0,4.0,-5.0,Credit Card,4.0
2023-12-02,36-45,FL,Male,Middle,App,Home,Furniture,Ashley Furniture,Dining Table,302.0,200.0,1.0,5.0,302.0,19.0,83.0,Credit Card,5.0
2023-12-02,66+,OH,Other,High,Affiliates,Home,Furniture,IKEA,Billy Bookcase,142.0,100.0,1.0,5.0,142.0,19.0,23.0,Digital Wallet,5.0
2023-12-02,46-55,CA,Male,Low,Others,Home,Beds,Tempur-Pedic,Cloud Supreme,1854.0,1800.0,1.0,11.0,1854.0,19.0,35.0,Debit Card,4.0
2023-12-02,36-45,FL,Male,Middle,Organic,Home,Furniture,Ashley Furniture,Sofa,381.0,300.0,3.0,6.0,1142.0,33.0,209.0,Credit Card,5.0
2023-12-02,56-65,OH,Female,Low,Organic,Home,Beds,Tempur-Pedic,Contour Elite,1864.0,1700.0,3.0,7.0,5592.0,38.0,454.0,Debit Card,7.0
2023-12-02,26-35,GA,Male,Middle,Organic,Home,Furniture,Ashley Furniture,Sofa,427.0,300.0,11.0,6.0,4693.0,115.0,1278.0,Digital Wallet,11.0
2023-12-02,26-35,PA,Female,Low,Email,Electronics,Smartphones,Apple,iPhone 15,952.0,800.0,1.0,14.0,952.0,13.0,139.0,Digital Wallet,5.0
2023-12-02,56-65,CA,Female,Middle,Organic,Home,Furniture,IKEA,Billy Bookcase,88.0,100.0,1.0,13.0,88.0,16.0,-28.0,Debit Card,4.0
2023-12-02,36-45,TX,Other,Low,Affiliates,Home,Beds,Tempur-Pedic,Contour Elite,1839.0,1700.0,3.0,8.0,5516.0,38.0,378.0,Debit Card,6.0
2023-12-02,66+,TX,Male,Middle,Others,Home,Furniture,IKEA,Kallax Shelf,69.0,60.0,3.0,9.0,208.0,32.0,-5.0,BNPL,6.0
2023-12-02,46-55,NY,Male,Middle,Affiliates,Electronics,Laptops,Apple Laptop,MacBook Air M2,1086.0,1000.0,3.0,18.0,3257.0,29.0,228.0,Credit Card,5.0
2023-12-02,26-35,TX,Female,Low,Organic,Home,Furniture,IKEA,Kallax Shelf,65.0,60.0,3.0,9.0,194.0,32.0,-18.0,Debit Card,4.0
2023-12-02,56-65,IL,Male,Middle,Others,Electronics,Smartphones,Apple,iPhone 15,902.0,800.0,4.0,18.0,3607.0,27.0,380.0,Debit Card,6.0
2023-12-02,26-35,FL,Other,Middle,App,Home,Furniture,IKEA,Billy Bookcase,123.0,100.0,1.0,12.0,123.0,19.0,4.0,Digital Wallet,5.0
2023-12-02,18-25,MI,Female,Middle,Affiliates,Electronics,Laptops,HP,Pavilion,725.0,600.0,1.0,18.0,725.0,18.0,107.0,BNPL,5.0
2023-12-02,46-55,CA,Female,Low,Affiliates,Home,Beds,Tempur-Pedic,Contour Elite,1761.0,1700.0,3.0,12.0,5282.0,36.0,146.0,Credit Card,5.0
2023-12-02,18-25,NY,Male,Middle,Organic,Beauty,Makeup,Maybelline,Fit Me Foundation,13.0,15.0,4.0,29.0,53.0,10.0,-17.0,Credit Card,5.0
2023-12-02,66+,NY,Male,Middle,Organic,Electronics,Smartphones,Apple,iPhone 14,891.0,700.0,4.0,12.0,3564.0,28.0,736.0,Credit Card,7.0
2023-12-02,36-45,CA,Male,Middle,Others,Home,Furniture,IKEA,Billy Bookcase,140.0,100.0,1.0,6.0,140.0,16.0,24.0,Credit Card,4.0
2023-12-02,18-25,NY,Male,Middle,App,Home,Beds,Serta,iComfort,2166.0,1900.0,1.0,9.0,2166.0,24.0,243.0,Credit Card,5.0
2023-12-02,36-45,CA,Female,High,Email,Electronics,Laptops,HP,Envy,651.0,700.0,3.0,18.0,1954.0,24.0,-170.0,Digital Wallet,4.0
2023-12-02,26-35,FL,Male,Middle,Organic,Electronics,Smartphones,Apple,iPhone SE,438.0,400.0,4.0,21.0,1751.0,26.0,125.0,Digital Wallet,5.0
2023-12-02,66+,IL,Other,High,Affiliates,Beauty,Skincare,Neutrogena,Oil-Free Acne Wash,13.0,15.0,1.0,27.0,13.0,7.0,-9.0,Digital Wallet,3.0
2023-12-02,46-55,CA,Male,Middle,Email,Clothing,Jeans,Wrangler,Authentics,35.0,30.0,1.0,27.0,35.0,4.0,1.0,Debit Card,2.0
2023-12-02,36-45,IL,Male,Low,Organic,Beauty,Makeup,Maybelline,Lash Sensational Mascara,13.0,10.0,4.0,29.0,51.0,9.0,3.0,BNPL,7.0
2023-12-02,18-25,NY,Female,Low,Email,Home,Furniture,IKEA,Billy Bookcase,88.0,100.0,1.0,6.0,88.0,21.0,-33.0,Digital Wallet,6.0
2023-12-02,46-55,OH,Male,Low,Organic,Beauty,Skincare,Neutrogena,Hydro Boost Gel,15.0,20.0,3.0,28.0,44.0,7.0,-23.0,Credit Card,4.0
2023-12-02,46-55,CA,Female,Middle,Others,Home,Furniture,IKEA,Kallax Shelf,77.0,60.0,1.0,8.0,77.0,16.0,1.0,Digital Wallet,4.0
2023-12-02,36-45,IL,Female,Middle,Others,Home,Beds,Tempur-Pedic,Contour Elite,1852.0,1700.0,1.0,5.0,1852.0,23.0,130.0,BNPL,5.0
2023-12-02,56-65,TX,Male,High,Affiliates,Electronics,Smartphones,Samsung,Galaxy Z Fold 5,1443.0,1500.0,1.0,20.0,1443.0,11.0,-69.0,Credit Card,3.0
2023-12-02,18-25,FL,Male,Low,PPC,Electronics,Smartphones,Samsung,Galaxy S21,651.0,500.0,4.0,12.0,2605.0,26.0,579.0,Digital Wallet,6.0
2023-12-02,26-35,IL,Female,Middle,Others,Clothing,T-Shirts,Nike,Dry-FIT,23.0,20.0,1.0,33.0,23.0,8.0,-5.0,Credit Card,3.0
2023-12-02,26-35,CA,Female,Low,PPC,Clothing,Jeans,Wrangler,Authentics,36.0,30.0,1.0,26.0,36.0,4.0,2.0,Debit Card,3.0
2023-12-02,26-35,CA,Female,Middle,Affiliates,Beauty,Makeup,Revlon,ColorStay Lipstick,13.0,15.0,6.0,20.0,80.0,5.0,-15.0,Credit Card,4.0
2023-12-02,36-45,NY,Male,High,Email,Beauty,Makeup,Maybelline,Fit Me Foundation,13.0,15.0,1.0,23.0,13.0,8.0,-10.0,Debit Card,4.0
2023-12-02,26-35,TX,Male,Middle,Email,Electronics,Smartphones,Samsung,Galaxy S21,612.0,500.0,6.0,20.0,3671.0,32.0,638.0,Digital Wallet,5.0
2023-12-02,26-35,CA,Female,Middle,Organic,Beauty,Makeup,Maybelline,Fit Me Foundation,16.0,15.0,3.0,21.0,47.0,4.0,-2.0,Credit Card,3.0
2023-12-02,56-65,CA,Female,Low,Organic,Electronics,Smartphones,Apple,iPhone 14,819.0,700.0,4.0,19.0,3277.0,23.0,454.0,Credit Card,4.0
2023-12-02,66+,TX,Male,Middle,Others,Electronics,Smartphones,Samsung,Galaxy A32,289.0,250.0,3.0,19.0,866.0,18.0,98.0,Credit Card,4.0
2023-12-02,56-65,NY,Female,Low,App,Electronics,Smartphones,Apple,iPhone SE,518.0,400.0,4.0,12.0,2074.0,28.0,446.0,Credit Card,5.0
2023-12-02,56-65,MI,Female,Middle,Affiliates,Electronics,Smartphones,Samsung,Galaxy A32,310.0,250.0,1.0,13.0,310.0,13.0,46.0,Digital Wallet,5.0
2023-12-02,18-25,TX,Other,Middle,Email,Electronics,Smartphones,Apple,iPhone SE,495.0,400.0,3.0,19.0,1484.0,18.0,266.0,Credit Card,14.0
2023-12-02,66+,OH,Other,Middle,Organic,Clothing,T-Shirts,Adidas,Performance,52.0,45.0,3.0,25.0,157.0,8.0,14.0,Credit Card,5.0
2023-12-02,26-35,FL,Male,Middle,App,Electronics,Smartphones,Samsung,Galaxy A32,269.0,250.0,4.0,12.0,1078.0,26.0,52.0,Digital Wallet,5.0
2023-12-02,26-35,TX,Male,Middle,PPC,Home,Beds,Serta,iComfort,1980.0,1900.0,1.0,12.0,1980.0,21.0,59.0,Digital Wallet,4.0
2023-12-02,26-35,OH,Male,Low,Organic,Home,Beds,Tempur-Pedic,Cloud Supreme,1828.0,1800.0,3.0,12.0,5485.0,38.0,47.0,Credit Card,6.0
2023-12-02,56-65,IL,Female,High,App,Beauty,Skincare,Neutrogena,Rapid Wrinkle Repair,22.0,20.0,1.0,33.0,22.0,7.0,-5.0,Credit Card,4.0
2023-12-02,66+,TX,Other,Middle,Affiliates,Home,Furniture,Ashley Furniture,Bed Frame,211.0,100.0,3.0,6.0,632.0,32.0,300.0,Credit Card,4.0
2023-12-02,36-45,IL,Female,Middle,Others,Home,Beds,Tempur-Pedic,Cloud Supreme,1938.0,1800.0,3.0,6.0,5815.0,40.0,375.0,Debit Card,7.0
2023-12-02,46-55,CA,Other,Middle,Email,Home,Furniture,IKEA,Kallax Shelf,66.0,60.0,1.0,14.0,66.0,16.0,-10.0,BNPL,4.0
2023-12-02,18-25,PA,Female,High,Organic,Electronics,Smartphones,Apple,iPhone SE,524.0,400.0,4.0,14.0,2095.0,27.0,468.0,Digital Wallet,6.0
2023-12-02,66+,NY,Male,Middle,Affiliates,Home,Furniture,IKEA,Billy Bookcase,152.0,100.0,1.0,10.0,152.0,21.0,31.0,Debit Card,4.0
2023-12-02,26-35,NY,Male,Low,Others,Home,Furniture,Ashley Furniture,Sofa,409.0,300.0,3.0,9.0,1227.0,35.0,292.0,Debit Card,6.0
2023-12-02,18-25,PA,Female,High,Organic,Electronics,Smartphones,Samsung,Galaxy A32,268.0,250.0,4.0,21.0,1070.0,27.0,44.0,Credit Card,6.0
2023-12-02,26-35,CA,Other,Middle,Affiliates,Electronics,Laptops,Dell,XPS,1320.0,1300.0,1.0,15.0,1320.0,13.0,7.0,Debit Card,2.0
2023-12-02,18-25,GA,Female,Low,Others,Electronics,Smartphones,Apple,iPhone 15,911.0,800.0,4.0,17.0,3646.0,24.0,422.0,BNPL,6.0
2023-12-02,26-35,IL,Male,Middle,Organic,Clothing,T-Shirts,Nike,Pro,28.0,30.0,4.0,35.0,113.0,11.0,-18.0,Credit Card,5.0
2023-12-02,26-35,NC,Other,Middle,Organic,Clothing,T-Shirts,Adidas,Essentials,29.0,35.0,4.0,34.0,116.0,13.0,-37.0,Credit Card,6.0
2023-12-02,46-55,IL,Female,Middle,Others,Home,Beds,Tempur-Pedic,Cloud Supreme,1934.0,1800.0,3.0,8.0,5801.0,40.0,361.0,Digital Wallet,14.0
2023-12-02,56-65,IL,Female,Middle,Email,Beauty,Makeup,Revlon,PhotoReady Concealer,15.0,12.0,7.0,22.0,106.0,10.0,12.0,Credit Card,6.0
2023-12-02,18-25,FL,Other,Low,Affiliates,Electronics,Laptops,Dell,Inspiron,791.0,600.0,3.0,13.0,2372.0,27.0,544.0,Credit Card,5.0
2023-12-02,46-55,CA,Female,Low,Email,Beauty,Makeup,Maybelline,Fit Me Foundation,17.0,15.0,1.0,20.0,17.0,3.0,-1.0,Digital Wallet,2.0
2023-12-02,36-45,IL,Female,Low,Email,Electronics,Laptops,Apple Laptop,MacBook Pro M3,1529.0,1500.0,3.0,18.0,4586.0,28.0,57.0,Credit Card,5.0
2023-12-02,36-45,GA,Other,Middle,PPC,Home,Furniture,IKEA,Billy Bookcase,159.0,100.0,1.0,8.0,159.0,17.0,42.0,Debit Card,4.0
2023-12-02,66+,NY,Male,Middle,Organic,Electronics,Smartphones,Samsung,Galaxy A32,249.0,250.0,4.0,15.0,995.0,28.0,-33.0,BNPL,5.0
2023-12-02,36-45,FL,Male,Middle,Affiliates,Electronics,Laptops,Apple Laptop,MacBook Pro M3,1625.0,1500.0,1.0,14.0,1625.0,16.0,108.0,Debit Card,5.0
2023-12-02,66+,CA,Other,Middle,PPC,Electronics,Smartphones,Samsung,Galaxy A32,300.0,250.0,1.0,21.0,300.0,9.0,41.0,Digital Wallet,4.0
2023-12-02,56-65,NC,Female,High,Affiliates,Home,Furniture,IKEA,Billy Bookcase,139.0,100.0,3.0,13.0,417.0,36.0,81.0,Digital Wallet,7.0
2023-12-02,26-35,NY,Male,Middle,Others,Home,Furniture,IKEA,Billy Bookcase,139.0,100.0,17.0,13.0,2366.0,175.0,491.0,BNPL,13.0
2023-12-02,66+,MI,Female,Middle,App,Electronics,Smartphones,Samsung,Galaxy S21,666.0,500.0,4.0,16.0,2662.0,27.0,635.0,Digital Wallet,5.0
2023-12-02,56-65,PA,Female,High,Others,Clothing,Jeans,Wrangler,Authentics,33.0,30.0,1.0,33.0,33.0,8.0,-4.0,Debit Card,3.0
2023-12-02,26-35,PA,Female,Middle,Email,Electronics,Laptops,HP,Pavilion,702.0,600.0,3.0,16.0,2107.0,28.0,279.0,Credit Card,8.0
2023-12-02,36-45,FL,Male,Middle,App,Home,Furniture,IKEA,Billy Bookcase,136.0,100.0,1.0,11.0,136.0,19.0,16.0,Credit Card,5.0
2023-12-02,36-45,CA,Female,Low,Organic,Electronics,Smartphones,Apple,iPhone SE,511.0,400.0,3.0,18.0,1534.0,16.0,317.0,Credit Card,4.0
2023-12-02,26-35,IL,Other,Middle,Organic,Clothing,T-Shirts,Adidas,Essentials,32.0,35.0,3.0,34.0,95.0,9.0,-19.0,Debit Card,3.0
2023-12-02,18-25,MI,Female,Low,App,Beauty,Makeup,Maybelline,Lash Sensational Mascara,11.0,10.0,3.0,25.0,33.0,8.0,-5.0,Credit Card,4.0
2023-12-02,36-45,CA,Female,High,PPC,Home,Furniture,Ashley Furniture,Sofa,392.0,300.0,3.0,11.0,1177.0,30.0,246.0,Credit Card,4.0
2023-12-02,18-25,GA,Male,Middle,Email,Home,Furniture,Ashley Furniture,Sofa,427.0,300.0,1.0,12.0,427.0,17.0,110.0,Debit Card,5.0
2023-12-02,26-35,IL,Female,Middle,Others,Clothing,Jeans,Wrangler,Regular Fit,44.0,35.0,3.0,26.0,132.0,10.0,17.0,Digital Wallet,6.0
2023-12-02,36-45,CA,Male,Low,Affiliates,Electronics,Smartphones,Samsung,Galaxy A32,281.0,250.0,1.0,12.0,281.0,9.0,22.0,Credit Card,5.0
2023-12-02,18-25,NC,Male,Middle,Organic,Electronics,Laptops,HP,Pavilion,686.0,600.0,1.0,15.0,686.0,19.0,66.0,Digital Wallet,5.0
2023-12-02,36-45,IL,Male,High,Email,Electronics,Smartphones,Apple,iPhone 15,889.0,800.0,4.0,19.0,3554.0,27.0,327.0,Credit Card,5.0
2023-12-02,26-35,NY,Female,Middle,Others,Home,Beds,Serta,Perfect Sleeper,832.0,750.0,3.0,12.0,2497.0,41.0,206.0,Credit Card,6.0
2023-12-02,18-25,MI,Male,High,Organic,Electronics,Smartphones,Apple,iPhone 14,760.0,700.0,1.0,22.0,760.0,13.0,46.0,Digital Wallet,4.0
2023-12-02,18-25,NY,Other,Middle,App,Clothing,Jeans,Wrangler,Authentics,42.0,30.0,1.0,26.0,42.0,9.0,3.0,Credit Card,4.0
2023-12-02,56-65,CA,Other,Middle,Email,Home,Furniture,Ashley Furniture,Sofa,380.0,300.0,3.0,7.0,1141.0,30.0,211.0,Credit Card,4.0
2023-12-02,36-45,NY,Female,Middle,Organic,Electronics,Smartphones,Apple,iPhone 14,793.0,700.0,4.0,20.0,3171.0,28.0,343.0,Credit Card,5.0
2023-12-02,26-35,MI,Female,Middle,Organic,Clothing,T-Shirts,Adidas,Performance,36.0,45.0,7.0,39.0,253.0,15.0,-77.0,Debit Card,9.0
2023-12-02,36-45,CA,Male,Low,PPC,Beauty,Skincare,Neutrogena,Hydro Boost Gel,17.0,20.0,1.0,33.0,17.0,3.0,-6.0,Digital Wallet,2.0
2023-12-02,36-45,CA,Female,Middle,App,Electronics,Smartphones,Samsung,Galaxy S21,640.0,500.0,4.0,18.0,2560.0,23.0,537.0,Debit Card,4.0
2023-12-02,56-65,GA,Female,High,Email,Clothing,T-Shirts,Adidas,Essentials,31.0,35.0,1.0,30.0,31.0,5.0,-8.0,Digital Wallet,4.0
2023-12-02,26-35,CA,Other,Middle,App,Home,Furniture,Ashley Furniture,Bed Frame,243.0,100.0,3.0,11.0,730.0,30.0,400.0,Credit Card,5.0
2023-12-02,46-55,FL,Female,High,PPC,Beauty,Makeup,Revlon,PhotoReady Concealer,16.0,12.0,8.0,23.0,127.0,10.0,21.0,Credit Card,6.0
2023-12-02,36-45,IL,Female,Low,PPC,Beauty,Skincare,Neutrogena,Oil-Free Acne Wash,14.0,15.0,4.0,32.0,58.0,9.0,-11.0,Credit Card,5.0
2023-12-02,26-35,IL,Male,High,Affiliates,Home,Furniture,Ashley Furniture,Bed Frame,236.0,100.0,1.0,12.0,236.0,20.0,116.0,Credit Card,7.0
2023-12-02,46-55,FL,Female,Middle,Affiliates,Home,Furniture,IKEA,Billy Bookcase,155.0,100.0,3.0,5.0,466.0,33.0,133.0,Debit Card,6.0
2023-12-02,56-65,IL,Female,Low,PPC,Beauty,Makeup,Maybelline,Lash Sensational Mascara,12.0,10.0,8.0,20.0,94.0,11.0,3.0,Digital Wallet,6.0
2023-12-02,66+,FL,Male,Middle,Email,Beauty,Makeup,Revlon,ColorStay Lipstick,15.0,15.0,1.0,24.0,15.0,6.0,-6.0,Debit Card,4.0
2023-12-02,66+,CA,Female,Middle,App,Home,Furniture,IKEA,Billy Bookcase,162.0,100.0,3.0,7.0,485.0,30.0,154.0,Digital Wallet,5.0
2023-12-02,26-35,NY,Male,Low,Affiliates,Home,Furniture,Ashley Furniture,Sofa,389.0,300.0,3.0,8.0,1168.0,35.0,233.0,Digital Wallet,6.0
2023-12-02,18-25,NY,Male,High,Affiliates,Electronics,Laptops,Apple Laptop,MacBook Air M2,1083.0,1000.0,15.0,18.0,16250.0,130.0,1120.0,Credit Card,12.0
2023-12-02,26-35,CA,Other,Middle,Affiliates,Home,Furniture,IKEA,Kallax Shelf,71.0,60.0,1.0,13.0,71.0,16.0,-5.0,Credit Card,5.0
2023-12-02,26-35,GA,Other,Middle,Organic,Electronics,Smartphones,Samsung,Galaxy Z Fold 5,1516.0,1500.0,1.0,15.0,1516.0,10.0,6.0,Debit Card,6.0
2023-12-02,66+,TX,Female,Low,Email,Home,Furniture,Ashley Furniture,Bed Frame,228.0,100.0,1.0,5.0,228.0,18.0,110.0,Digital Wallet,5.0
2023-12-02,18-25,TX,Female,Middle,Affiliates,Electronics,Smartphones,Apple,iPhone SE,454.0,400.0,4.0,22.0,1816.0,25.0,191.0,Digital Wallet,5.0
2023-12-02,56-65,FL,Other,Low,Affiliates,Beauty,Skincare,Neutrogena,Rapid Wrinkle Repair,27.0,20.0,3.0,25.0,81.0,7.0,14.0,Credit Card,5.0
2023-12-02,18-25,NY,Other,Middle,Others,Electronics,Laptops,Dell,XPS,1295.0,1300.0,3.0,18.0,3886.0,29.0,-43.0,Credit Card,4.0
2023-12-02,36-45,PA,Male,Middle,Affiliates,Clothing,Jeans,Wrangler,Authentics,38.0,30.0,1.0,30.0,38.0,8.0,1.0,Debit Card,5.0
2023-12-02,18-25,MI,Female,Low,Others,Home,Beds,Tempur-Pedic,Cloud Supreme,1901.0,1800.0,1.0,5.0,1901.0,23.0,77.0,Debit Card,5.0
2023-12-02,56-65,FL,Male,Low,Organic,Electronics,Laptops,Dell,XPS,1320.0,1300.0,1.0,19.0,1320.0,16.0,4.0,Credit Card,4.0
2023-12-02,36-45,NC,Male,Low,Affiliates,Clothing,T-Shirts,Nike,Dry-FIT,20.0,20.0,6.0,33.0,120.0,15.0,-14.0,BNPL,14.0
2023-12-02,18-25,FL,Male,Low,App,Electronics,Laptops,HP,Pavilion,665.0,600.0,1.0,15.0,665.0,16.0,48.0,Credit Card,5.0
2023-12-02,18-25,CA,Male,Low,App,Electronics,Smartphones,Apple,iPhone 14,822.0,700.0,13.0,21.0,10684.0,65.0,1519.0,BNPL,8.0
2023-12-02,66+,GA,Male,High,Affiliates,Beauty,Makeup,Revlon,ColorStay Lipstick,15.0,15.0,8.0,23.0,121.0,8.0,-7.0,Debit Card,7.0
2023-12-02,26-35,GA,Male,Low,Email,Beauty,Makeup,Maybelline,Fit Me Foundation,18.0,15.0,7.0,22.0,129.0,7.0,17.0,Credit Card,6.0
2023-12-02,26-35,MI,Female,Middle,App,Home,Beds,Tempur-Pedic,Cloud Supreme,1958.0,1800.0,15.0,5.0,29373.0,191.0,2182.0,Credit Card,14.0
2023-12-02,36-45,GA,Female,Low,PPC,Electronics,Smartphones,Samsung,Galaxy A32,284.0,250.0,1.0,19.0,284.0,10.0,23.0,Digital Wallet,4.0
2023-12-02,26-35,CA,Other,High,Affiliates,Electronics,Laptops,HP,Envy,898.0,700.0,1.0,10.0,898.0,13.0,184.0,Debit Card,3.0
2023-12-02,46-55,IL,Other,Middle,Organic,Home,Beds,Serta,iComfort,2109.0,1900.0,1.0,6.0,2109.0,23.0,186.0,Credit Card,6.0
2023-12-02,26-35,FL,Male,Middle,Email,Electronics,Smartphones,Apple,iPhone SE,520.0,400.0,1.0,14.0,520.0,12.0,108.0,Digital Wallet,4.0
2023-12-02,36-45,FL,Female,Low,Others,Electronics,Smartphones,Apple,iPhone 14,845.0,700.0,4.0,16.0,3380.0,26.0,554.0,Credit Card,5.0
2023-12-02,46-55,PA,Female,Low,App,Beauty,Makeup,Maybelline,Fit Me Foundation,13.0,15.0,6.0,20.0,81.0,9.0,-18.0,Digital Wallet,5.0
2023-12-02,26-35,FL,Female,Middle,App,Home,Beds,Tempur-Pedic,Cloud Supreme,1917.0,1800.0,1.0,9.0,1917.0,22.0,95.0,Debit Card,2.0
2023-12-02,56-65,PA,Male,Middle,Email,Home,Furniture,IKEA,Billy Bookcase,142.0,100.0,1.0,11.0,142.0,20.0,22.0,Digital Wallet,6.0
2023-12-02,26-35,NC,Male,High,Email,Electronics,Laptops,Dell,XPS,1366.0,1300.0,1.0,15.0,1366.0,19.0,47.0,Debit Card,4.0
2023-12-02,18-25,FL,Female,Middle,Email,Beauty,Skincare,Neutrogena,Hydro Boost Gel,16.0,20.0,3.0,31.0,48.0,7.0,-19.0,Debit Card,5.0
2023-12-02,46-55,PA,Male,Middle,Organic,Electronics,Laptops,HP,Pavilion,655.0,600.0,1.0,14.0,655.0,17.0,39.0,Credit Card,4.0
2023-12-02,18-25,CA,Female,Middle,Email,Clothing,T-Shirts,Nike,Dry-FIT,23.0,20.0,7.0,23.0,161.0,10.0,11.0,Debit Card,6.0
2023-12-02,56-65,GA,Other,Low,Organic,Clothing,T-Shirts,Nike,Sportswear,30.0,25.0,6.0,27.0,180.0,10.0,20.0,Digital Wallet,6.0
2023-12-02,56-65,PA,Female,Middle,App,Electronics,Smartphones,Samsung,Galaxy Z Fold 5,1393.0,1500.0,4.0,22.0,5571.0,27.0,-456.0,Credit Card,6.0
2023-12-02,56-65,TX,Male,High,App,Electronics,Smartphones,Apple,iPhone 14,794.0,700.0,1.0,18.0,794.0,11.0,83.0,Debit Card,4.0
2023-12-02,46-55,FL,Other,Middle,Organic,Home,Furniture,IKEA,Kallax Shelf,66.0,60.0,3.0,14.0,199.0,33.0,-14.0,Digital Wallet,5.0
2023-12-02,18-25,PA,Female,Middle,App,Beauty,Skincare,Neutrogena,Hydro Boost Gel,18.0,20.0,3.0,30.0,55.0,8.0,-12.0,Credit Card,3.0
2023-12-02,36-45,PA,Other,Low,Others,Electronics,Smartphones,Apple,iPhone 14,812.0,700.0,3.0,19.0,2436.0,20.0,316.0,Digital Wallet,5.0
2023-12-02,36-45,IL,Male,High,Others,Home,Furniture,IKEA,Kallax Shelf,62.0,60.0,3.0,13.0,185.0,34.0,-29.0,Debit Card,6.0
2023-12-02,18-25,FL,Other,Middle,Affiliates,Home,Furniture,Ashley Furniture,Dining Table,308.0,200.0,3.0,10.0,924.0,33.0,291.0,BNPL,5.0
2023-12-02,36-45,TX,Female,Low,App,Home,Furniture,Ashley Furniture,Sofa,372.0,300.0,3.0,5.0,1117.0,32.0,184.0,Credit Card,5.0
2023-12-02,26-35,IL,Other,Middle,Email,Home,Furniture,Ashley Furniture,Bed Frame,219.0,100.0,3.0,11.0,656.0,34.0,322.0,Credit Card,6.0
2023-12-02,26-35,NC,Other,Low,Organic,Beauty,Skincare,Neutrogena,Hydro Boost Gel,15.0,20.0,4.0,25.0,61.0,11.0,-30.0,BNPL,5.0
2023-12-02,26-35,CA,Other,Middle,Affiliates,Electronics,Laptops,Apple Laptop,MacBook Air M2,1152.0,1000.0,3.0,10.0,3455.0,24.0,431.0,Debit Card,4.0
2023-12-02,36-45,NC,Male,Middle,Organic,Home,Beds,Tempur-Pedic,Contour Elite,1844.0,1700.0,3.0,8.0,5533.0,42.0,392.0,Digital Wallet,7.0
2023-12-02,36-45,TX,Male,Low,Others,Home,Beds,Serta,Perfect Sleeper,868.0,750.0,1.0,8.0,868.0,21.0,97.0,Digital Wallet,5.0
2023-12-02,36-45,FL,Male,High,PPC,Electronics,Smartphones,Apple,iPhone 15,848.0,800.0,3.0,20.0,2545.0,19.0,125.0,Digital Wallet,3.0
2023-12-02,56-65,IL,Female,Low,Others,Home,Furniture,IKEA,Kallax Shelf,62.0,60.0,1.0,5.0,62.0,20.0,-18.0,Credit Card,6.0
2023-12-02,26-35,FL,Female,Low,Organic,Electronics,Smartphones,Samsung,Galaxy S21,635.0,500.0,3.0,13.0,1906.0,19.0,387.0,Debit Card,5.0
2023-12-02,56-65,NY,Female,Low,App,Beauty,Makeup,Revlon,ColorStay Lipstick,14.0,15.0,3.0,29.0,41.0,9.0,-13.0,Credit Card,5.0
2023-12-02,36-45,FL,Female,Middle,PPC,Home,Furniture,IKEA,Billy Bookcase,139.0,100.0,1.0,9.0,139.0,19.0,20.0,Digital Wallet,4.0
2023-12-02,18-25,IL,Other,High,Affiliates,Home,Furniture,Ashley Furniture,Bed Frame,213.0,100.0,3.0,11.0,638.0,34.0,304.0,Digital Wallet,6.0
2023-12-02,26-35,GA,Other,High,Affiliates,Beauty,Makeup,Maybelline,Fit Me Foundation,16.0,15.0,7.0,21.0,115.0,7.0,3.0,Debit Card,6.0
2023-12-02,46-55,NC,Female,High,Organic,Home,Beds,Tempur-Pedic,Cloud Supreme,2021.0,1800.0,1.0,5.0,2021.0,25.0,196.0,Digital Wallet,5.0
2023-12-02,26-35,OH,Other,Middle,Organic,Beauty,Skincare,Neutrogena,Hydro Boost Gel,14.0,20.0,4.0,29.0,56.0,8.0,-31.0,Credit Card,4.0
2023-12-02,26-35,CA,Female,Middle,Email,Home,Beds,Serta,Perfect Sleeper,907.0,750.0,1.0,6.0,907.0,19.0,138.0,Debit Card,5.0
2023-12-02,26-35,CA,Female,High,PPC,Electronics,Smartphones,Apple,iPhone SE,501.0,400.0,3.0,18.0,1504.0,16.0,288.0,Digital Wallet,3.0
2023-12-02,26-35,TX,Female,Middle,App,Home,Furniture,IKEA,Billy Bookcase,98.0,100.0,3.0,9.0,294.0,32.0,-38.0,Digital Wallet,6.0
2023-12-02,36-45,PA,Female,Middle,App,Clothing,T-Shirts,Nike,Dry-FIT,15.0,20.0,6.0,37.0,88.0,12.0,-44.0,Credit Card,5.0
2023-12-02,46-55,FL,Female,Middle,Affiliates,Beauty,Skincare,Neutrogena,Oil-Free Acne Wash,15.0,15.0,4.0,26.0,60.0,8.0,-8.0,Credit Card,6.0
2023-12-02,18-25,TX,Female,High,App,Clothing,T-Shirts,Nike,Sportswear,33.0,25.0,1.0,20.0,33.0,6.0,2.0,Digital Wallet,3.0
2023-12-02,66+,FL,Male,Middle,App,Home,Furniture,Ashley Furniture,Dining Table,337.0,200.0,3.0,5.0,1011.0,33.0,378.0,Debit Card,5.0
2023-12-02,56-65,TX,Female,Middle,Others,Electronics,Laptops,Apple Laptop,MacBook Air M2,1069.0,1000.0,3.0,19.0,3206.0,26.0,179.0,Digital Wallet,5.0
2023-12-02,18-25,IL,Other,Middle,Organic,Electronics,Smartphones,Apple,iPhone 14,804.0,700.0,1.0,18.0,804.0,13.0,91.0,Debit Card,4.0
2023-12-02,46-55,CA,Female,Middle,Organic,Home,Furniture,IKEA,Kallax Shelf,70.0,60.0,1.0,7.0,70.0,16.0,-6.0,Digital Wallet,4.0
2023-12-02,46-55,CA,Female,Low,Others,Electronics,Laptops,Dell,Inspiron,679.0,600.0,1.0,10.0,679.0,13.0,66.0,Digital Wallet,3.0
2023-12-02,36-45,FL,Male,Middle,PPC,Home,Furniture,IKEA,Kallax Shelf,66.0,60.0,3.0,7.0,199.0,33.0,-14.0,Digital Wallet,6.0
2023-12-02,36-45,TX,Male,Middle,Organic,Beauty,Makeup,Maybelline,Fit Me Foundation,13.0,15.0,4.0,25.0,52.0,7.0,-15.0,Digital Wallet,5.0
2023-12-02,46-55,IL,Female,Middle,Organic,Home,Beds,Tempur-Pedic,Contour Elite,1763.0,1700.0,3.0,11.0,5289.0,40.0,149.0,Digital Wallet,6.0
2023-12-02,46-55,CA,Female,Middle,Organic,Beauty,Makeup,Maybelline,Lash Sensational Mascara,10.0,10.0,3.0,27.0,31.0,4.0,-3.0,Debit Card,3.0
2023-12-02,66+,NC,Other,Middle,Organic,Beauty,Skincare,Neutrogena,Hydro Boost Gel,14.0,20.0,4.0,33.0,55.0,11.0,-36.0,Digital Wallet,6.0
2023-12-02,26-35,PA,Female,High,Affiliates,Beauty,Makeup,Revlon,ColorStay Lipstick,14.0,15.0,7.0,21.0,101.0,10.0,-14.0,Credit Card,7.0
2023-12-02,56-65,TX,Male,Middle,App,Home,Beds,Tempur-Pedic,Contour Elite,1892.0,1700.0,3.0,5.0,5676.0,38.0,538.0,Debit Card,7.0
2023-12-02,26-35,PA,Female,Low,App,Electronics,Smartphones,Apple,iPhone 14,836.0,700.0,1.0,16.0,836.0,13.0,123.0,Digital Wallet,4.0
2023-12-02,66+,NY,Female,Middle,Email,Electronics,Smartphones,Samsung,Galaxy A32,306.0,250.0,1.0,19.0,306.0,14.0,42.0,Credit Card,4.0
2023-12-02,46-55,MI,Female,Middle,Email,Home,Furniture,IKEA,Kallax Shelf,44.0,60.0,1.0,7.0,44.0,20.0,-36.0,Digital Wallet,4.0
2023-12-02,36-45,TX,Male,Low,Organic,Beauty,Makeup,Revlon,ColorStay Lipstick,15.0,15.0,6.0,23.0,89.0,7.0,-8.0,Digital Wallet,6.0
2023-12-02,36-45,GA,Female,High,Organic,Beauty,Makeup,Maybelline,Fit Me Foundation,18.0,15.0,4.0,21.0,73.0,6.0,7.0,Digital Wallet,5.0
2023-12-02,18-25,PA,Female,Low,Organic,Electronics,Smartphones,Samsung,Galaxy S21,696.0,500.0,1.0,20.0,696.0,13.0,183.0,Digital Wallet,4.0
2023-12-02,26-35,IL,Female,Middle,Organic,Clothing,Jeans,Wrangler,Authentics,36.0,30.0,3.0,22.0,109.0,10.0,9.0,Credit Card,4.0
2023-12-02,26-35,IL,Male,Middle,App,Beauty,Makeup,Maybelline,Fit Me Foundation,18.0,15.0,3.0,20.0,54.0,8.0,1.0,Debit Card,4.0
2023-12-02,26-35,MI,Other,Middle,Affiliates,Beauty,Makeup,Maybelline,Fit Me Foundation,16.0,15.0,8.0,22.0,124.0,12.0,-7.0,Credit Card,7.0
2023-12-02,36-45,IL,Female,Middle,PPC,Electronics,Laptops,HP,Pavilion,637.0,600.0,1.0,19.0,637.0,17.0,19.0,Credit Card,7.0
2023-12-02,56-65,IL,Female,Middle,PPC,Electronics,Smartphones,Apple,iPhone 14,876.0,700.0,4.0,12.0,3502.0,27.0,675.0,Credit Card,6.0
2023-12-02,26-35,NY,Female,Low,Email,Electronics,Smartphones,Apple,iPhone SE,455.0,400.0,1.0,20.0,455.0,14.0,41.0,Digital Wallet,4.0
2023-12-02,46-55,CA,Male,Low,App,Home,Beds,Tempur-Pedic,Contour Elite,1784.0,1700.0,3.0,12.0,5353.0,36.0,218.0,Digital Wallet,6.0
2023-12-02,18-25,CA,Other,Middle,Organic,Electronics,Smartphones,Samsung,Galaxy A32,321.0,250.0,3.0,13.0,963.0,16.0,196.0,Debit Card,4.0
2023-12-02,46-55,MI,Female,Low,Affiliates,Electronics,Smartphones,Apple,iPhone 15,885.0,800.0,3.0,21.0,2656.0,20.0,235.0,Debit Card,5.0
2023-12-02,26-35,PA,Female,Middle,Others,Home,Furniture,IKEA,Billy Bookcase,144.0,100.0,18.0,10.0,2598.0,188.0,611.0,Debit Card,13.0
2023-12-02,56-65,FL,Female,Low,Email,Home,Furniture,Ashley Furniture,Sofa,405.0,300.0,3.0,6.0,1215.0,33.0,282.0,Credit Card,6.0
2023-12-02,56-65,FL,Female,Middle,Organic,Beauty,Skincare,Neutrogena,Rapid Wrinkle Repair,21.0,20.0,11.0,25.0,228.0,13.0,-5.0,Debit Card,8.0
2023-12-02,36-45,OH,Female,Low,Email,Home,Furniture,IKEA,Billy Bookcase,110.0,100.0,1.0,13.0,110.0,19.0,-8.0,Digital Wallet,6.0
2023-12-02,26-35,FL,Male,Low,PPC,Beauty,Makeup,Maybelline,Fit Me Foundation,15.0,15.0,7.0,28.0,106.0,9.0,-8.0,Digital Wallet,6.0
2023-12-02,56-65,NY,Female,Middle,Organic,Electronics,Smartphones,Apple,iPhone 14,862.0,700.0,3.0,12.0,2587.0,21.0,466.0,Credit Card,5.0
2023-12-02,18-25,GA,Male,High,Organic,Beauty,Makeup,Revlon,ColorStay Lipstick,12.0,15.0,8.0,20.0,97.0,8.0,-31.0,Digital Wallet,3.0
2023-12-02,26-35,IL,Female,Middle,Others,Beauty,Makeup,Maybelline,Lash Sensational Mascara,16.0,10.0,8.0,20.0,132.0,11.0,41.0,Credit Card,7.0
2023-12-02,46-55,TX,Female,Middle,Affiliates,Electronics,Smartphones,Samsung,Galaxy S21,600.0,500.0,4.0,17.0,2400.0,25.0,375.0,BNPL,6.0
2023-12-02,26-35,OH,Male,Middle,Organic,Beauty,Makeup,Maybelline,Lash Sensational Mascara,12.0,10.0,4.0,24.0,48.0,7.0,1.0,BNPL,4.0
2023-12-02,26-35,NY,Male,Middle,Organic,Electronics,Smartphones,Apple,iPhone 15,819.0,800.0,1.0,20.0,819.0,14.0,5.0,Credit Card,4.0
2023-12-02,46-55,NY,Other,Middle,Email,Home,Furniture,Ashley Furniture,Sofa,395.0,300.0,3.0,9.0,1186.0,35.0,251.0,Credit Card,7.0
2023-12-02,18-25,NY,Other,Middle,Others,Electronics,Smartphones,Apple,iPhone 14,778.0,700.0,4.0,22.0,3114.0,28.0,286.0,BNPL,6.0
2023-12-02,26-35,TX,Other,Middle,Organic,Home,Furniture,IKEA,Billy Bookcase,156.0,100.0,1.0,9.0,156.0,18.0,38.0,Credit Card,5.0
2023-12-02,36-45,TX,Female,Middle,Email,Electronics,Laptops,Apple Laptop,MacBook Air M2,1190.0,1000.0,3.0,10.0,3569.0,26.0,543.0,Debit Card,4.0
2023-12-02,46-55,CA,Female,Middle,Others,Electronics,Laptops,Dell,XPS,1390.0,1300.0,1.0,14.0,1390.0,13.0,76.0,Credit Card,4.0
2023-12-02,36-45,GA,Other,High,Organic,Beauty,Makeup,Maybelline,Lash Sensational Mascara,11.0,10.0,3.0,28.0,33.0,5.0,-2.0,Debit Card,3.0
2023-12-02,36-45,PA,Female,Middle,App,Clothing,T-Shirts,Nike,Pro,30.0,30.0,4.0,36.0,121.0,11.0,-10.0,Credit Card,5.0
2023-12-02,36-45,NC,Male,Middle,Email,Home,Furniture,IKEA,Kallax Shelf,68.0,60.0,3.0,11.0,204.0,36.0,-13.0,Digital Wallet,6.0
2023-12-02,26-35,PA,Male,High,PPC,Clothing,T-Shirts,Adidas,Performance,47.0,45.0,7.0,37.0,326.0,14.0,-3.0,Debit Card,10.0
2023-12-02,36-45,CA,Male,Middle,Others,Electronics,Smartphones,Samsung,Galaxy S21,683.0,500.0,4.0,18.0,2732.0,23.0,709.0,Digital Wallet,4.0
2023-12-02,46-55,CA,Female,Middle,App,Home,Beds,Tempur-Pedic,Contour Elite,1840.0,1700.0,1.0,11.0,1840.0,19.0,122.0,Digital Wallet,3.0
2023-12-02,18-25,TX,Male,Middle,Others,Home,Furniture,IKEA,Billy Bookcase,141.0,100.0,1.0,13.0,141.0,18.0,23.0,Digital Wallet,5.0
2023-12-02,26-35,MI,Male,Middle,PPC,Electronics,Smartphones,Samsung,Galaxy S21,698.0,500.0,3.0,15.0,2094.0,20.0,573.0,Credit Card,5.0
2023-12-02,26-35,NC,Male,Low,Affiliates,Home,Beds,Serta,iComfort,2254.0,1900.0,3.0,7.0,6762.0,42.0,1020.0,Digital Wallet,7.0
2023-12-02,26-35,CA,Male,High,App,Beauty,Makeup,Revlon,ColorStay Lipstick,16.0,15.0,3.0,29.0,47.0,4.0,-2.0,Credit Card,4.0
2023-12-02,36-45,CA,Other,High,Affiliates,Home,Beds,Tempur-Pedic,Contour Elite,1746.0,1700.0,1.0,11.0,1746.0,19.0,27.0,Digital Wallet,3.0
2023-12-02,26-35,FL,Female,High,Others,Electronics,Laptops,Apple Laptop,MacBook Pro M3,1666.0,1500.0,1.0,12.0,1666.0,16.0,150.0,Debit Card,6.0
2023-12-02,56-65,CA,Other,Low,App,Electronics,Smartphones,Samsung,Galaxy S21,535.0,500.0,3.0,22.0,1605.0,16.0,89.0,Digital Wallet,4.0
2023-12-02,18-25,FL,Other,Middle,Others,Electronics,Smartphones,Apple,iPhone 14,863.0,700.0,3.0,15.0,2588.0,19.0,469.0,Debit Card,5.0
2023-12-02,56-65,MI,Male,Middle,App,Clothing,Jeans,Wrangler,Regular Fit,45.0,35.0,1.0,30.0,45.0,9.0,1.0,Debit Card,3.0
2023-12-02,36-45,MI,Female,Middle,Email,Home,Furniture,Ashley Furniture,Sofa,443.0,300.0,1.0,5.0,443.0,20.0,123.0,BNPL,5.0
2023-12-02,36-45,OH,Female,Middle,Organic,Home,Furniture,IKEA,Billy Bookcase,114.0,100.0,3.0,5.0,343.0,33.0,10.0,Credit Card,6.0
2023-12-02,26-35,PA,Female,Low,Others,Home,Beds,Tempur-Pedic,Contour Elite,1915.0,1700.0,1.0,5.0,1915.0,22.0,193.0,BNPL,5.0
2023-12-02,26-35,OH,Male,High,Affiliates,Electronics,Smartphones,Apple,iPhone 14,748.0,700.0,3.0,21.0,2245.0,19.0,126.0,Debit Card,4.0
2023-12-02,36-45,CA,Male,Middle,Email,Electronics,Smartphones,Samsung,Galaxy S21,568.0,500.0,4.0,20.0,2272.0,23.0,248.0,Digital Wallet,5.0
2023-12-02,56-65,PA,Female,Middle,Email,Clothing,T-Shirts,Adidas,Essentials,29.0,35.0,3.0,32.0,88.0,9.0,-26.0,Credit Card,5.0
2023-12-02,46-55,GA,Male,Middle,Organic,Electronics,Laptops,Dell,Inspiron,728.0,600.0,1.0,17.0,728.0,14.0,113.0,Credit Card,3.0
2023-12-02,36-45,TX,Female,Middle,Organic,Clothing,T-Shirts,Adidas,Performance,53.0,45.0,6.0,20.0,317.0,11.0,36.0,Debit Card,5.0
2023-12-02,46-55,IL,Female,Middle,App,Home,Beds,Tempur-Pedic,Contour Elite,1757.0,1700.0,3.0,12.0,5271.0,40.0,132.0,Credit Card,5.0
2023-12-02,26-35,FL,Male,Low,PPC,Home,Furniture,IKEA,Kallax Shelf,63.0,60.0,1.0,12.0,63.0,19.0,-16.0,Debit Card,4.0
2023-12-02,36-45,NY,Male,Middle,Email,Beauty,Makeup,Maybelline,Lash Sensational Mascara,10.0,10.0,6.0,28.0,60.0,10.0,-10.0,Credit Card,9.0
2023-12-02,26-35,NC,Female,High,Affiliates,Electronics,Smartphones,Apple,iPhone 14,868.0,700.0,1.0,16.0,868.0,15.0,153.0,Credit Card,3.0
2023-12-02,36-45,TX,Female,High,Affiliates,Beauty,Makeup,Maybelline,Lash Sensational Mascara,12.0,10.0,6.0,21.0,73.0,7.0,6.0,BNPL,3.0
2023-12-02,26-35,PA,Female,Middle,Others,Home,Beds,Tempur-Pedic,Contour Elite,1748.0,1700.0,1.0,8.0,1748.0,22.0,26.0,Credit Card,5.0
2023-12-02,46-55,OH,Other,Middle,Organic,Electronics,Laptops,Apple Laptop,MacBook Air M1,966.0,900.0,1.0,16.0,966.0,16.0,50.0,Credit Card,6.0
2023-12-02,18-25,NC,Male,Middle,Organic,Clothing,T-Shirts,Adidas,Performance,51.0,45.0,4.0,26.0,206.0,13.0,12.0,Debit Card,6.0
2023-12-02,18-25,FL,Male,High,App,Electronics,Smartphones,Apple,iPhone 15,850.0,800.0,3.0,22.0,2550.0,19.0,131.0,Digital Wallet,3.0
2023-12-02,36-45,NY,Female,Middle,Others,Electronics,Laptops,Apple Laptop,MacBook Pro M2,1186.0,1200.0,3.0,14.0,3559.0,29.0,-70.0,Credit Card,4.0
2023-12-02,56-65,CA,Other,Middle,Organic,Beauty,Skincare,Neutrogena,Rapid Wrinkle Repair,21.0,20.0,3.0,31.0,64.0,4.0,-0.0,Debit Card,2.0
2023-12-02,46-55,TX,Female,High,Affiliates,Electronics,Laptops,HP,Pavilion,680.0,600.0,1.0,18.0,680.0,15.0,65.0,Digital Wallet,3.0
2023-12-02,56-65,TX,Female,Low,PPC,Home,Furniture,IKEA,Billy Bookcase,160.0,100.0,3.0,8.0,480.0,32.0,148.0,Credit Card,8.0
2023-12-02,18-25,CA,Other,Middle,Organic,Clothing,T-Shirts,Nike,Pro,24.0,30.0,4.0,39.0,97.0,7.0,-30.0,Debit Card,4.0
2023-12-02,26-35,IL,Male,Middle,Email,Home,Beds,Tempur-Pedic,Contour Elite,1703.0,1700.0,8.0,11.0,13626.0,107.0,-81.0,Debit Card,7.0
2023-12-02,36-45,TX,Female,Middle,Others,Home,Beds,Tempur-Pedic,Contour Elite,1941.0,1700.0,1.0,6.0,1941.0,21.0,221.0,Credit Card,3.0
2023-12-02,26-35,GA,Male,High,Email,Home,Furniture,Ashley Furniture,Dining Table,383.0,200.0,3.0,11.0,1149.0,31.0,518.0,Credit Card,5.0
2023-12-02,66+,CA,Male,Middle,Organic,Home,Beds,Serta,Perfect Sleeper,892.0,750.0,1.0,6.0,892.0,19.0,123.0,Debit Card,4.0
2023-12-02,36-45,CA,Female,Low,Others,Beauty,Makeup,Maybelline,Lash Sensational Mascara,12.0,10.0,7.0,29.0,87.0,6.0,11.0,Credit Card,6.0
2023-12-02,36-45,FL,Male,Low,Organic,Clothing,Jeans,Wrangler,Regular Fit,38.0,35.0,1.0,31.0,38.0,7.0,-5.0,Digital Wallet,3.0
2023-12-02,26-35,CA,Other,Middle,Organic,Home,Beds,Serta,Perfect Sleeper,892.0,750.0,1.0,8.0,892.0,19.0,123.0,Credit Card,4.0
2023-12-02,56-65,MI,Male,Low,App,Home,Beds,Tempur-Pedic,Contour Elite,1645.0,1700.0,1.0,12.0,1645.0,23.0,-79.0,Credit Card,5.0
2023-12-02,46-55,CA,Male,Middle,App,Beauty,Skincare,Neutrogena,Rapid Wrinkle Repair,25.0,20.0,6.0,31.0,148.0,6.0,22.0,Debit Card,4.0
2023-12-02,46-55,NC,Male,Middle,Email,Electronics,Smartphones,Apple,iPhone 14,781.0,700.0,17.0,18.0,13271.0,92.0,1279.0,Credit Card,11.0
2023-12-02,46-55,OH,Female,Low,Email,Beauty,Makeup,Revlon,PhotoReady Concealer,14.0,12.0,7.0,27.0,96.0,9.0,4.0,Debit Card,8.0
2023-12-02,46-55,CA,Male,Low,Organic,Beauty,Skincare,Neutrogena,Hydro Boost Gel,16.0,20.0,4.0,26.0,64.0,5.0,-21.0,Debit Card,3.0
2023-12-02,46-55,MI,Male,Low,Affiliates,Home,Beds,Serta,Perfect Sleeper,815.0,750.0,10.0,11.0,8155.0,124.0,531.0,Credit Card,9.0
2023-12-02,26-35,NY,Male,Low,Others,Home,Beds,Serta,Perfect Sleeper,877.0,750.0,3.0,5.0,2630.0,41.0,339.0,Digital Wallet,6.0
2023-12-02,66+,FL,Male,High,Email,Beauty,Skincare,Neutrogena,Hydro Boost Gel,19.0,20.0,1.0,33.0,19.0,6.0,-7.0,Debit Card,3.0
2023-12-02,56-65,TX,Female,Low,Organic,Beauty,Makeup,Revlon,ColorStay Lipstick,13.0,15.0,7.0,25.0,90.0,8.0,-23.0,Digital Wallet,7.0
2023-12-02,26-35,TX,Female,Middle,App,Electronics,Smartphones,Samsung,Galaxy S21,588.0,500.0,3.0,15.0,1765.0,18.0,247.0,Debit Card,4.0
2023-12-02,18-25,PA,Male,Middle,Organic,Beauty,Makeup,Revlon,ColorStay Lipstick,15.0,15.0,6.0,25.0,89.0,9.0,-10.0,Credit Card,5.0
2023-12-02,36-45,CA,Female,Middle,Organic,Home,Furniture,Ashley Furniture,Dining Table,343.0,200.0,3.0,5.0,1029.0,30.0,399.0,Debit Card,5.0
2023-12-02,26-35,NY,Female,Low,Organic,Clothing,T-Shirts,Nike,Sportswear,26.0,25.0,6.0,34.0,157.0,14.0,-7.0,Credit Card,6.0
2023-12-02,36-45,CA,Other,Low,Others,Clothing,T-Shirts,Nike,Dry-FIT,21.0,20.0,3.0,29.0,62.0,5.0,-4.0,BNPL,3.0
2023-12-02,26-35,NC,Female,Middle,Affiliates,Beauty,Makeup,Revlon,ColorStay Lipstick,13.0,15.0,6.0,28.0,78.0,11.0,-23.0,Debit Card,5.0
2023-12-02,36-45,NY,Female,High,PPC,Home,Beds,Serta,Perfect Sleeper,852.0,750.0,1.0,9.0,852.0,24.0,78.0,Digital Wallet,6.0
2023-12-02,26-35,TX,Female,Middle,Others,Home,Furniture,Ashley Furniture,Bed Frame,241.0,100.0,3.0,5.0,723.0,32.0,391.0,Digital Wallet,7.0
2023-12-02,18-25,CA,Male,Middle,Organic,Clothing,T-Shirts,Nike,Pro,41.0,30.0,7.0,25.0,284.0,10.0,63.0,Credit Card,6.0
2023-12-02,26-35,MI,Male,Middle,Email,Electronics,Smartphones,Apple,iPhone 14,842.0,700.0,3.0,19.0,2525.0,20.0,405.0,Credit Card,5.0
2023-12-02,26-35,TX,Other,Middle,Organic,Beauty,Makeup,Maybelline,Lash Sensational Mascara,9.0,10.0,7.0,26.0,66.0,8.0,-12.0,Credit Card,5.0
2023-12-02,56-65,NY,Female,Low,Organic,Home,Beds,Tempur-Pedic,Cloud Supreme,1898.0,1800.0,3.0,11.0,5695.0,41.0,254.0,Debit Card,7.0
2023-12-02,56-65,MI,Female,Low,App,Clothing,T-Shirts,Nike,Dry-FIT,24.0,20.0,1.0,22.0,24.0,8.0,-4.0,Credit Card,4.0
2023-12-02,26-35,NY,Other,Middle,App,Electronics,Laptops,Apple Laptop,MacBook Pro M3,1606.0,1500.0,3.0,12.0,4817.0,29.0,287.0,Credit Card,6.0
2023-12-02,36-45,CA,Male,Middle,PPC,Home,Furniture,IKEA,Kallax Shelf,64.0,60.0,1.0,10.0,64.0,16.0,-12.0,Debit Card,4.0
2023-12-02,36-45,NY,Male,Middle,App,Electronics,Smartphones,Apple,iPhone 15,867.0,800.0,3.0,18.0,2600.0,21.0,179.0,Debit Card,5.0
2023-12-02,26-35,CA,Female,Middle,Organic,Electronics,Laptops,HP,Envy,827.0,700.0,1.0,18.0,827.0,13.0,114.0,Credit Card,2.0
2023-12-02,36-45,NC,Female,Middle,Affiliates,Electronics,Smartphones,Apple,iPhone 15,958.0,800.0,1.0,13.0,958.0,15.0,143.0,Debit Card,5.0
2023-12-02,26-35,TX,Male,Low,Email,Electronics,Laptops,Apple Laptop,MacBook Pro M3,1668.0,1500.0,1.0,11.0,1668.0,15.0,153.0,Credit Card,4.0
2023-12-02,36-45,CA,Female,Low,App,Electronics,Laptops,Apple Laptop,MacBook Air M2,1130.0,1000.0,1.0,11.0,1130.0,13.0,117.0,Credit Card,2.0
2023-12-02,36-45,OH,Female,Middle,Organic,Clothing,Jeans,Wrangler,Authentics,40.0,30.0,1.0,22.0,40.0,7.0,3.0,Digital Wallet,4.0
2023-12-02,56-65,TX,Female,Low,App,Clothing,T-Shirts,Nike,Dry-FIT,23.0,20.0,7.0,33.0,162.0,12.0,10.0,Credit Card,5.0
2023-12-02,26-35,FL,Female,Low,Organic,Electronics,Smartphones,Apple,iPhone SE,463.0,400.0,3.0,22.0,1390.0,19.0,171.0,Credit Card,6.0
2023-12-02,46-55,PA,Female,Low,Others,Home,Beds,Tempur-Pedic,Cloud Supreme,1930.0,1800.0,3.0,8.0,5791.0,39.0,352.0,Credit Card,5.0
2023-12-02,18-25,PA,Other,High,Organic,Electronics,Smartphones,Apple,iPhone 14,810.0,700.0,4.0,17.0,3240.0,27.0,413.0,Debit Card,6.0
2023-12-02,36-45,PA,Female,Middle,Organic,Clothing,Jeans,Wrangler,Regular Fit,42.0,35.0,1.0,25.0,42.0,8.0,-1.0,Credit Card,4.0
2023-12-02,26-35,TX,Female,Middle,App,Home,Furniture,Ashley Furniture,Dining Table,328.0,200.0,1.0,5.0,328.0,18.0,110.0,Credit Card,5.0
2023-12-02,46-55,TX,Female,Middle,App,Home,Beds,Tempur-Pedic,Contour Elite,1834.0,1700.0,3.0,6.0,5503.0,38.0,365.0,Credit Card,7.0
2023-12-02,18-25,FL,Male,Middle,Affiliates,Beauty,Makeup,Maybelline,Fit Me Foundation,16.0,15.0,4.0,29.0,62.0,8.0,-6.0,Credit Card,5.0
2023-12-02,36-45,OH,Other,Low,Others,Home,Furniture,IKEA,Billy Bookcase,113.0,100.0,1.0,7.0,113.0,19.0,-5.0,Digital Wallet,4.0
2023-12-02,26-35,TX,Male,Low,App,Electronics,Smartphones,Apple,iPhone 14,825.0,700.0,3.0,17.0,2475.0,18.0,357.0,Credit Card,5.0
2023-12-02,36-45,NY,Male,Low,App,Electronics,Smartphones,Apple,iPhone SE,490.0,400.0,3.0,21.0,1469.0,21.0,248.0,Credit Card,5.0
2023-12-02,36-45,FL,Male,Low,Affiliates,Home,Furniture,IKEA,Billy Bookcase,159.0,100.0,3.0,7.0,477.0,33.0,144.0,BNPL,4.0
2023-12-02,46-55,NY,Female,Middle,Organic,Beauty,Makeup,Maybelline,Fit Me Foundation,17.0,15.0,6.0,20.0,100.0,10.0,-1.0,Credit Card,6.0
2023-12-02,46-55,PA,Male,High,Organic,Home,Furniture,Ashley Furniture,Dining Table,378.0,200.0,1.0,5.0,378.0,20.0,159.0,Credit Card,4.0
2023-12-02,26-35,TX,Other,Low,Email,Home,Furniture,IKEA,Billy Bookcase,135.0,100.0,1.0,12.0,135.0,18.0,17.0,Digital Wallet,5.0
2023-12-02,36-45,GA,Female,Middle,Affiliates,Electronics,Smartphones,Apple,iPhone 14,796.0,700.0,13.0,20.0,10350.0,66.0,1184.0,Credit Card,9.0
2023-12-02,46-55,TX,Female,High,App,Beauty,Skincare,Neutrogena,Rapid Wrinkle Repair,23.0,20.0,4.0,28.0,94.0,7.0,7.0,Credit Card,6.0
2023-12-02,36-45,NY,Male,Middle,Others,Electronics,Smartphones,Apple,iPhone 14,836.0,700.0,1.0,12.0,836.0,14.0,122.0,Credit Card,6.0
2023-12-02,26-35,FL,Other,Low,Affiliates,Beauty,Makeup,Maybelline,Lash Sensational Mascara,14.0,10.0,6.0,21.0,84.0,8.0,16.0,Digital Wallet,6.0
2023-12-02,18-25,NY,Male,Middle,PPC,Clothing,Jeans,Wrangler,Regular Fit,43.0,35.0,3.0,29.0,128.0,11.0,12.0,Credit Card,5.0
2023-12-02,36-45,PA,Other,Low,App,Electronics,Smartphones,Apple,iPhone 14,784.0,700.0,1.0,22.0,784.0,13.0,72.0,Credit Card,4.0
2023-12-02,66+,CA,Other,Middle,Others,Electronics,Smartphones,Samsung,Galaxy S21,617.0,500.0,3.0,18.0,1850.0,16.0,334.0,Digital Wallet,3.0
2023-12-02,46-55,CA,Other,Middle,App,Home,Beds,Tempur-Pedic,Cloud Supreme,1847.0,1800.0,3.0,11.0,5542.0,36.0,106.0,Debit Card,5.0
2023-12-02,46-55,MI,Female,Low,Email,Home,Beds,Serta,iComfort,2164.0,1900.0,3.0,9.0,6493.0,40.0,753.0,Debit Card,8.0
2023-12-02,18-25,CA,Female,Low,Affiliates,Electronics,Laptops,HP,Envy,788.0,700.0,3.0,12.0,2363.0,24.0,239.0,Digital Wallet,3.0
2023-12-02,18-25,IL,Female,High,PPC,Home,Furniture,Ashley Furniture,Dining Table,327.0,200.0,1.0,6.0,327.0,20.0,107.0,Digital Wallet,5.0
2023-12-02,26-35,MI,Male,High,Email,Electronics,Smartphones,Samsung,Galaxy S21,584.0,500.0,3.0,22.0,1752.0,20.0,232.0,Credit Card,5.0
2023-12-02,36-45,TX,Other,Low,App,Beauty,Skincare,Neutrogena,Hydro Boost Gel,14.0,20.0,3.0,34.0,41.0,6.0,-25.0,Digital Wallet,4.0
2023-12-02,26-35,NC,Female,Middle,Email,Electronics,Smartphones,Apple,iPhone 14,777.0,700.0,4.0,21.0,3110.0,29.0,281.0,BNPL,5.0
2023-12-02,36-45,NY,Other,High,Organic,Electronics,Laptops,Apple Laptop,MacBook Pro M3,1638.0,1500.0,1.0,12.0,1638.0,18.0,120.0,Digital Wallet,4.0
2023-12-02,26-35,CA,Male,Middle,App,Electronics,Smartphones,Samsung,Galaxy A32,335.0,250.0,1.0,13.0,335.0,9.0,76.0,Digital Wallet,4.0
2023-12-02,36-45,NY,Male,Middle,App,Electronics,Smartphones,Samsung,Galaxy S21,619.0,500.0,1.0,17.0,619.0,14.0,105.0,Debit Card,5.0
2023-12-02,66+,GA,Female,Middle,App,Beauty,Makeup,Maybelline,Fit Me Foundation,15.0,15.0,4.0,25.0,61.0,6.0,-4.0,Digital Wallet,6.0
2023-12-02,26-35,OH,Male,Low,Email,Beauty,Skincare,Neutrogena,Oil-Free Acne Wash,13.0,15.0,1.0,31.0,13.0,6.0,-7.0,Debit Card,4.0
2023-12-02,66+,PA,Female,Low,Affiliates,Electronics,Smartphones,Apple,iPhone 15,948.0,800.0,4.0,17.0,3793.0,27.0,566.0,Debit Card,6.0
2023-12-02,18-25,CA,Female,Low,Email,Home,Furniture,Ashley Furniture,Sofa,418.0,300.0,3.0,14.0,1253.0,30.0,323.0,Digital Wallet,4.0
2023-12-02,46-55,CA,Male,Low,Affiliates,Home,Beds,Serta,iComfort,2266.0,1900.0,3.0,5.0,6798.0,36.0,1063.0,Digital Wallet,6.0
2023-12-02,36-45,IL,Male,Middle,App,Electronics,Laptops,HP,Envy,828.0,700.0,1.0,13.0,828.0,17.0,111.0,Digital Wallet,4.0
2023-12-02,46-55,TX,Female,Middle,PPC,Home,Beds,Tempur-Pedic,Contour Elite,1672.0,1700.0,3.0,10.0,5017.0,38.0,-121.0,Debit Card,5.0
2023-12-02,36-45,IL,Male,High,Organic,Beauty,Skincare,Neutrogena,Oil-Free Acne Wash,14.0,15.0,6.0,29.0,84.0,10.0,-16.0,Debit Card,5.0
2023-12-02,26-35,PA,Male,Middle,Organic,Clothing,Jeans,Wrangler,Regular Fit,43.0,35.0,4.0,32.0,174.0,12.0,22.0,Credit Card,5.0
2023-12-02,26-35,TX,Male,High,App,Home,Furniture,Ashley Furniture,Sofa,367.0,300.0,1.0,8.0,367.0,18.0,49.0,Credit Card,6.0
2023-12-02,56-65,IL,Female,Middle,Email,Beauty,Skincare,Neutrogena,Rapid Wrinkle Repair,18.0,20.0,3.0,34.0,55.0,8.0,-13.0,Credit Card,4.0
2023-12-02,56-65,NC,Female,Low,Affiliates,Home,Furniture,IKEA,Billy Bookcase,134.0,100.0,1.0,10.0,134.0,22.0,12.0,Debit Card,5.0
2023-12-02,46-55,CA,Other,Middle,Email,Home,Furniture,Ashley Furniture,Dining Table,358.0,200.0,3.0,5.0,1074.0,30.0,444.0,Digital Wallet,4.0
2023-12-02,46-55,NY,Female,High,Others,Beauty,Makeup,Maybelline,Lash Sensational Mascara,11.0,10.0,8.0,26.0,92.0,12.0,-1.0,Debit Card,7.0
2023-12-02,46-55,OH,Female,Low,Organic,Electronics,Smartphones,Apple,iPhone 14,825.0,700.0,3.0,15.0,2474.0,19.0,355.0,Digital Wallet,4.0
2023-12-02,18-25,GA,Male,Middle,Email,Electronics,Laptops,HP,Envy,842.0,700.0,1.0,16.0,842.0,14.0,127.0,Credit Card,4.0
2023-12-02,56-65,FL,Female,High,Organic,Electronics,Smartphones,Apple,iPhone 15,861.0,800.0,4.0,20.0,3442.0,26.0,216.0,Debit Card,6.0
2023-12-02,46-55,MI,Other,High,App,Electronics,Smartphones,Samsung,Galaxy A32,317.0,250.0,3.0,17.0,951.0,20.0,181.0,Credit Card,8.0
2023-12-02,18-25,NY,Female,Middle,Others,Electronics,Smartphones,Apple,iPhone 15,845.0,800.0,1.0,22.0,845.0,14.0,31.0,Credit Card,4.0
2023-12-02,66+,NY,Female,Low,Email,Beauty,Makeup,Maybelline,Lash Sensational Mascara,10.0,10.0,8.0,27.0,78.0,12.0,-14.0,Credit Card,8.0
2023-12-02,18-25,TX,Female,Middle,Organic,Electronics,Smartphones,Samsung,Galaxy Z Fold 5,1491.0,1500.0,1.0,14.0,1491.0,11.0,-20.0,Credit Card,5.0
2023-12-02,36-45,TX,Female,Middle,Affiliates,Electronics,Smartphones,Apple,iPhone 14,844.0,700.0,4.0,13.0,3377.0,25.0,552.0,Digital Wallet,6.0
2023-12-02,36-45,MI,Female,Middle,Affiliates,Beauty,Skincare,Neutrogena,Rapid Wrinkle Repair,24.0,20.0,4.0,33.0,96.0,9.0,6.0,BNPL,5.0
2023-12-02,26-35,GA,Female,Middle,Email,Home,Beds,Serta,Perfect Sleeper,859.0,750.0,11.0,9.0,9453.0,137.0,1065.0,BNPL,9.0
2023-12-02,26-35,CA,Female,Middle,Others,Home,Furniture,Ashley Furniture,Bed Frame,210.0,100.0,3.0,14.0,630.0,30.0,300.0,Debit Card,3.0
2023-12-02,46-55,OH,Male,Low,Email,Electronics,Laptops,Apple Laptop,MacBook Pro M3,1460.0,1500.0,1.0,19.0,1460.0,16.0,-56.0,Digital Wallet,3.0
2023-12-02,56-65,NY,Female,Middle,App,Home,Furniture,IKEA,Kallax Shelf,59.0,60.0,1.0,8.0,59.0,21.0,-22.0,BNPL,5.0
2023-12-02,36-45,MI,Other,High,Others,Home,Furniture,IKEA,Billy Bookcase,139.0,100.0,3.0,13.0,418.0,34.0,84.0,BNPL,7.0
2023-12-02,46-55,OH,Female,High,App,Beauty,Skincare,Neutrogena,Rapid Wrinkle Repair,20.0,20.0,1.0,29.0,20.0,6.0,-5.0,Debit Card,3.0
2023-12-02,56-65,IL,Male,Low,Email,Beauty,Makeup,Revlon,ColorStay Lipstick,19.0,15.0,1.0,23.0,19.0,7.0,-3.0,Credit Card,5.0
2023-12-02,66+,NY,Female,Low,Others,Electronics,Smartphones,Apple,iPhone 14,823.0,700.0,1.0,19.0,823.0,14.0,109.0,Debit Card,5.0
2023-12-02,26-35,OH,Male,Middle,PPC,Home,Furniture,Ashley Furniture,Bed Frame,250.0,100.0,3.0,7.0,751.0,33.0,419.0,Credit Card,5.0
2023-12-02,26-35,PA,Other,Middle,Organic,Home,Furniture,IKEA,Kallax Shelf,66.0,60.0,3.0,9.0,198.0,34.0,-16.0,BNPL,6.0
2023-12-02,26-35,NY,Male,Middle,Organic,Electronics,Smartphones,Apple,iPhone 14,796.0,700.0,4.0,21.0,3183.0,28.0,355.0,Debit Card,6.0
2023-12-02,46-55,MI,Male,Middle,Organic,Electronics,Smartphones,Samsung,Galaxy S21,584.0,500.0,4.0,17.0,2336.0,27.0,309.0,Digital Wallet,4.0
2023-12-02,56-65,TX,Female,Low,PPC,Home,Furniture,IKEA,Kallax Shelf,78.0,60.0,3.0,5.0,233.0,32.0,21.0,Debit Card,5.0
2023-12-02,56-65,CA,Other,Low,Organic,Home,Beds,Serta,iComfort,1983.0,1900.0,3.0,10.0,5950.0,36.0,214.0,Credit Card,5.0
2023-12-02,36-45,CA,Male,Low,App,Electronics,Smartphones,Apple,iPhone SE,501.0,400.0,4.0,18.0,2003.0,23.0,380.0,Credit Card,4.0
2023-12-02,26-35,GA,Male,Low,Organic,Home,Furniture,IKEA,Kallax Shelf,68.0,60.0,3.0,12.0,205.0,31.0,-6.0,Credit Card,6.0
2023-12-02,18-25,OH,Male,Low,App,Electronics,Smartphones,Samsung,Galaxy A32,312.0,250.0,3.0,13.0,936.0,19.0,167.0,Digital Wallet,3.0
2023-12-02,18-25,PA,Female,Low,Organic,Beauty,Skincare,Neutrogena,Hydro Boost Gel,19.0,20.0,4.0,34.0,76.0,9.0,-12.0,Debit Card,5.0
2023-12-02,66+,CA,Female,Low,Others,Electronics,Laptops,HP,Envy,787.0,700.0,3.0,14.0,2361.0,24.0,237.0,Debit Card,4.0
2023-12-02,46-55,TX,Male,Middle,Email,Electronics,Smartphones,Samsung,Galaxy A32,300.0,250.0,3.0,16.0,899.0,18.0,130.0,BNPL,5.0
2023-12-02,56-65,CA,Male,Middle,Organic,Home,Beds,Tempur-Pedic,Contour Elite,1948.0,1700.0,3.0,5.0,5843.0,36.0,708.0,Debit Card,4.0
2023-12-02,26-35,TX,Male,Middle,App,Home,Furniture,IKEA,Billy Bookcase,128.0,100.0,1.0,13.0,128.0,18.0,10.0,Credit Card,3.0
2023-12-02,46-55,CA,Female,High,Organic,Beauty,Makeup,Maybelline,Lash Sensational Mascara,10.0,10.0,7.0,25.0,72.0,6.0,-5.0,Credit Card,5.0
2023-12-02,26-35,PA,Female,Middle,Organic,Home,Beds,Serta,iComfort,2115.0,1900.0,1.0,7.0,2115.0,22.0,192.0,Debit Card,5.0
2023-12-02,46-55,PA,Female,Low,App,Beauty,Makeup,Maybelline,Fit Me Foundation,16.0,15.0,3.0,26.0,47.0,7.0,-5.0,Credit Card,4.0
2023-12-02,46-55,CA,Male,Low,Organic,Home,Beds,Tempur-Pedic,Cloud Supreme,1827.0,1800.0,1.0,9.0,1827.0,19.0,8.0,Digital Wallet,4.0
2023-12-02,36-45,NY,Female,Low,Affiliates,Clothing,Jeans,Wrangler,Regular Fit,50.0,35.0,3.0,26.0,150.0,11.0,34.0,Credit Card,5.0
2023-12-02,56-65,CA,Female,Middle,Affiliates,Home,Furniture,Ashley Furniture,Bed Frame,228.0,100.0,3.0,9.0,683.0,30.0,353.0,Credit Card,4.0
2023-12-02,18-25,NC,Male,Low,Organic,Home,Furniture,Ashley Furniture,Sofa,374.0,300.0,3.0,13.0,1123.0,36.0,187.0,BNPL,6.0
2023-12-02,18-25,CA,Female,Middle,Email,Home,Furniture,IKEA,Billy Bookcase,130.0,100.0,1.0,13.0,130.0,16.0,13.0,Credit Card,4.0
2023-12-02,66+,FL,Male,Low,App,Clothing,T-Shirts,Adidas,Performance,54.0,45.0,3.0,23.0,161.0,8.0,18.0,Credit Card,5.0
2023-12-02,36-45,MI,Other,Low,Organic,Beauty,Makeup,Maybelline,Lash Sensational Mascara,13.0,10.0,1.0,24.0,13.0,7.0,-5.0,Digital Wallet,3.0
2023-12-02,26-35,MI,Female,Low,Others,Clothing,T-Shirts,Nike,Sportswear,25.0,25.0,1.0,32.0,25.0,8.0,-8.0,Credit Card,3.0
2023-12-02,66+,PA,Male,High,Others,Electronics,Laptops,Apple Laptop,MacBook Pro M3,1545.0,1500.0,3.0,14.0,4635.0,28.0,107.0,Debit Card,5.0
2023-12-02,66+,CA,Female,Low,Organic,Home,Beds,Serta,Perfect Sleeper,877.0,750.0,3.0,10.0,2630.0,36.0,344.0,BNPL,5.0
2023-12-02,26-35,IL,Male,High,Others,Electronics,Smartphones,Apple,iPhone SE,434.0,400.0,1.0,22.0,434.0,13.0,21.0,Digital Wallet,4.0
2023-12-02,18-25,FL,Female,High,Email,Electronics,Smartphones,Samsung,Galaxy A32,273.0,250.0,3.0,20.0,818.0,19.0,48.0,Credit Card,4.0
2023-12-02,46-55,TX,Male,Middle,Others,Home,Beds,Tempur-Pedic,Contour Elite,1869.0,1700.0,3.0,6.0,5606.0,38.0,468.0,Digital Wallet,5.0
2023-12-02,18-25,NC,Male,High,Affiliates,Home,Beds,Tempur-Pedic,Contour Elite,1881.0,1700.0,3.0,5.0,5644.0,42.0,503.0,Debit Card,5.0
2023-12-02,56-65,PA,Other,Middle,Organic,Home,Beds,Serta,Perfect Sleeper,830.0,750.0,3.0,12.0,2489.0,39.0,200.0,Digital Wallet,5.0
2023-12-02,36-45,IL,Other,Middle,Affiliates,Home,Furniture,Ashley Furniture,Sofa,426.0,300.0,1.0,5.0,426.0,20.0,105.0,Digital Wallet,4.0
2023-12-02,46-55,NC,Female,Middle,Email,Beauty,Makeup,Maybelline,Lash Sensational Mascara,11.0,10.0,7.0,26.0,77.0,12.0,-6.0,Debit Card,6.0
2023-12-02,36-45,OH,Female,Middle,App,Home,Beds,Tempur-Pedic,Cloud Supreme,1741.0,1800.0,3.0,12.0,5222.0,38.0,-217.0,Credit Card,6.0
2023-12-02,46-55,PA,Male,Middle,App,Beauty,Makeup,Revlon,ColorStay Lipstick,16.0,15.0,6.0,21.0,98.0,9.0,-1.0,Debit Card,5.0
2023-12-02,36-45,OH,Male,Middle,PPC,Electronics,Smartphones,Apple,iPhone 14,772.0,700.0,3.0,22.0,2317.0,19.0,199.0,Debit Card,4.0
2023-12-02,66+,OH,Other,Middle,Organic,Beauty,Makeup,Maybelline,Fit Me Foundation,14.0,15.0,7.0,23.0,98.0,9.0,-15.0,Credit Card,6.0
2023-12-02,36-45,FL,Female,Middle,Others,Clothing,T-Shirts,Adidas,Performance,45.0,45.0,7.0,39.0,318.0,13.0,-10.0,Credit Card,9.0
2023-12-02,46-55,NC,Female,Low,Affiliates,Electronics,Smartphones,Samsung,Galaxy Z Fold 5,1430.0,1500.0,3.0,19.0,4289.0,22.0,-233.0,Credit Card,5.0
2023-12-02,18-25,CA,Male,Middle,PPC,Home,Furniture,IKEA,Billy Bookcase,148.0,100.0,1.0,7.0,148.0,16.0,32.0,Debit Card,6.0
2023-12-02,26-35,FL,Female,Low,Email,Electronics,Smartphones,Apple,iPhone SE,505.0,400.0,3.0,19.0,1516.0,19.0,296.0,Credit Card,5.0
2023-12-02,26-35,MI,Other,Low,Organic,Electronics,Smartphones,Samsung,Galaxy S21,652.0,500.0,1.0,22.0,652.0,13.0,139.0,Debit Card,5.0
2023-12-02,36-45,TX,Female,Low,App,Home,Beds,Tempur-Pedic,Cloud Supreme,1869.0,1800.0,1.0,12.0,1869.0,21.0,48.0,Credit Card,4.0
2023-12-02,26-35,TX,Other,Low,App,Electronics,Smartphones,Apple,iPhone SE,506.0,400.0,1.0,15.0,506.0,11.0,95.0,Debit Card,3.0
2023-12-02,26-35,TX,Female,Middle,Email,Home,Furniture,IKEA,Billy Bookcase,153.0,100.0,1.0,8.0,153.0,18.0,35.0,Digital Wallet,4.0
2023-12-02,46-55,TX,Male,Low,PPC,Clothing,T-Shirts,Adidas,Performance,47.0,45.0,3.0,35.0,140.0,7.0,-2.0,Digital Wallet,3.0
2023-12-02,26-35,TX,Female,High,PPC,Home,Furniture,Ashley Furniture,Sofa,371.0,300.0,1.0,14.0,371.0,18.0,53.0,Credit Card,5.0
2023-12-02,18-25,IL,Other,Low,PPC,Beauty,Skincare,Neutrogena,Rapid Wrinkle Repair,19.0,20.0,6.0,26.0,115.0,10.0,-15.0,Debit Card,6.0
2023-12-02,18-25,NY,Male,Middle,Email,Home,Furniture,IKEA,Kallax Shelf,73.0,60.0,3.0,10.0,218.0,35.0,3.0,Credit Card,5.0
2023-12-02,66+,OH,Female,Middle,App,Beauty,Skincare,Neutrogena,Rapid Wrinkle Repair,18.0,20.0,8.0,27.0,145.0,10.0,-25.0,Digital Wallet,8.0
2023-12-02,66+,PA,Female,Low,Organic,Home,Furniture,IKEA,Kallax Shelf,60.0,60.0,3.0,14.0,179.0,34.0,-35.0,Digital Wallet,5.0
2023-12-02,56-65,IL,Male,High,PPC,Electronics,Smartphones,Apple,iPhone 15,901.0,800.0,3.0,16.0,2703.0,20.0,283.0,Credit Card,5.0
2023-12-02,66+,MI,Male,Middle,Organic,Home,Beds,Tempur-Pedic,Contour Elite,1893.0,1700.0,3.0,6.0,5678.0,40.0,538.0,BNPL,4.0
2023-12-02,26-35,MI,Female,High,Affiliates,Beauty,Makeup,Maybelline,Lash Sensational Mascara,10.0,10.0,7.0,27.0,67.0,11.0,-13.0,Credit Card,7.0
2023-12-02,36-45,FL,Male,Middle,Email,Electronics,Laptops,Apple Laptop,MacBook Air M1,874.0,900.0,1.0,17.0,874.0,16.0,-43.0,Credit Card,3.0
2023-12-02,26-35,TX,Female,Middle,Others,Electronics,Laptops,Apple Laptop,MacBook Air M1,967.0,900.0,1.0,13.0,967.0,15.0,51.0,Debit Card,3.0
2023-12-02,36-45,OH,Other,Middle,Affiliates,Home,Furniture,IKEA,Billy Bookcase,111.0,100.0,3.0,5.0,334.0,33.0,1.0,Credit Card,5.0
2023-12-02,36-45,PA,Female,Low,Email,Home,Beds,Tempur-Pedic,Contour Elite,1788.0,1700.0,1.0,12.0,1788.0,22.0,65.0,Debit Card,4.0
2023-12-02,26-35,CA,Male,Low,Others,Clothing,T-Shirts,Nike,Dry-FIT,22.0,20.0,1.0,23.0,22.0,4.0,-2.0,BNPL,2.0
2023-12-02,26-35,TX,Male,Low,Organic,Home,Furniture,IKEA,Billy Bookcase,119.0,100.0,1.0,11.0,119.0,18.0,1.0,Credit Card,4.0
2023-12-02,56-65,OH,Male,Low,App,Home,Beds,Tempur-Pedic,Contour Elite,1884.0,1700.0,1.0,10.0,1884.0,21.0,163.0,Digital Wallet,7.0
2023-12-02,18-25,CA,Other,Low,App,Electronics,Laptops,HP,Pavilion,691.0,600.0,1.0,15.0,691.0,13.0,78.0,Credit Card,3.0
2023-12-02,46-55,TX,Other,Middle,App,Beauty,Makeup,Maybelline,Lash Sensational Mascara,9.0,10.0,3.0,22.0,26.0,6.0,-10.0,Credit Card,3.0
2023-12-02,18-25,FL,Male,Low,Organic,Electronics,Smartphones,Apple,iPhone 14,862.0,700.0,3.0,13.0,2587.0,19.0,468.0,Debit Card,5.0
2023-12-02,26-35,OH,Male,Middle,App,Electronics,Smartphones,Apple,iPhone SE,519.0,400.0,1.0,12.0,519.0,12.0,108.0,Credit Card,4.0
2023-12-02,18-25,NY,Other,Middle,Affiliates,Electronics,Laptops,Dell,XPS,1412.0,1300.0,1.0,11.0,1412.0,18.0,94.0,Debit Card,5.0
2023-12-02,46-55,TX,Female,High,Affiliates,Electronics,Smartphones,Apple,iPhone 15,976.0,800.0,21.0,13.0,20504.0,109.0,3595.0,Digital Wallet,13.0
2023-12-02,18-25,TX,Female,Low,Organic,Clothing,T-Shirts,Nike,Dry-FIT,19.0,20.0,7.0,21.0,134.0,12.0,-19.0,Debit Card,6.0
2023-12-02,26-35,NC,Male,High,Others,Electronics,Smartphones,Apple,iPhone 14,846.0,700.0,1.0,16.0,846.0,15.0,130.0,Debit Card,11.0
2023-12-02,36-45,NY,Male,Low,App,Clothing,T-Shirts,Nike,Sportswear,29.0,25.0,6.0,29.0,171.0,14.0,8.0,Credit Card,5.0
2023-12-02,36-45,TX,Male,Low,Organic,Home,Beds,Tempur-Pedic,Contour Elite,1829.0,1700.0,3.0,5.0,5487.0,38.0,349.0,Digital Wallet,6.0
2023-12-02,26-35,FL,Female,Middle,Organic,Electronics,Smartphones,Apple,iPhone 15,894.0,800.0,1.0,19.0,894.0,12.0,82.0,BNPL,4.0
2023-12-02,26-35,TX,Female,Middle,Affiliates,Beauty,Makeup,Revlon,ColorStay Lipstick,13.0,15.0,6.0,27.0,79.0,7.0,-18.0,Debit Card,6.0
2023-12-02,36-45,FL,Other,Low,Organic,Home,Beds,Serta,iComfort,2157.0,1900.0,4.0,10.0,8628.0,55.0,973.0,Digital Wallet,6.0
2023-12-02,56-65,TX,Other,High,Organic,Clothing,Jeans,Wrangler,Regular Fit,44.0,35.0,1.0,23.0,44.0,6.0,3.0,Digital Wallet,4.0
2023-12-02,18-25,FL,Female,Middle,Email,Beauty,Skincare,Neutrogena,Hydro Boost Gel,20.0,20.0,1.0,26.0,20.0,6.0,-6.0,Digital Wallet,3.0
2023-12-02,56-65,IL,Other,Middle,Email,Home,Furniture,IKEA,Kallax Shelf,70.0,60.0,1.0,7.0,70.0,20.0,-10.0,Credit Card,4.0
2023-12-02,46-55,FL,Male,Low,Organic,Clothing,T-Shirts,Nike,Dry-FIT,25.0,20.0,1.0,25.0,25.0,7.0,-2.0,Digital Wallet,4.0
2023-12-02,26-35,TX,Male,Middle,App,Electronics,Smartphones,Apple,iPhone 15,921.0,800.0,4.0,18.0,3683.0,25.0,458.0,Debit Card,5.0
2023-12-02,56-65,OH,Female,Middle,Affiliates,Electronics,Smartphones,Samsung,Galaxy S21,587.0,500.0,10.0,18.0,5869.0,54.0,816.0,Digital Wallet,24.0
2023-12-02,46-55,CA,Male,High,Email,Beauty,Makeup,Revlon,PhotoReady Concealer,16.0,12.0,8.0,20.0,130.0,7.0,27.0,Debit Card,7.0
2023-12-02,46-55,PA,Male,High,App,Beauty,Makeup,Revlon,ColorStay Lipstick,14.0,15.0,1.0,28.0,14.0,6.0,-8.0,Digital Wallet,4.0
2023-12-02,36-45,IL,Male,Middle,Organic,Home,Beds,Serta,iComfort,2092.0,1900.0,1.0,11.0,2092.0,23.0,169.0,Credit Card,5.0
2023-12-02,18-25,FL,Male,High,Others,Home,Furniture,IKEA,Kallax Shelf,75.0,60.0,1.0,10.0,75.0,19.0,-4.0,Credit Card,4.0
2023-12-02,46-55,NC,Other,Middle,Affiliates,Electronics,Smartphones,Apple,iPhone 14,825.0,700.0,15.0,20.0,12370.0,85.0,1785.0,Debit Card,11.0
2023-12-02,18-25,OH,Male,Low,PPC,Home,Beds,Serta,Perfect Sleeper,842.0,750.0,3.0,12.0,2525.0,38.0,236.0,Credit Card,6.0
2023-12-02,18-25,NC,Female,Low,Email,Home,Beds,Serta,iComfort,2099.0,1900.0,3.0,12.0,6296.0,42.0,554.0,Credit Card,5.0
2023-12-02,18-25,OH,Female,High,Others,Electronics,Smartphones,Apple,iPhone 15,872.0,800.0,3.0,20.0,2616.0,19.0,198.0,Credit Card,4.0
2023-12-02,66+,NY,Female,Low,App,Electronics,Smartphones,Samsung,Galaxy S21,693.0,500.0,1.0,14.0,693.0,14.0,179.0,Debit Card,4.0
2023-12-02,18-25,MI,Male,High,Affiliates,Beauty,Makeup,Revlon,ColorStay Lipstick,13.0,15.0,4.0,27.0,52.0,9.0,-17.0,Credit Card,5.0
2023-12-02,18-25,OH,Male,Middle,Others,Home,Furniture,IKEA,Billy Bookcase,135.0,100.0,1.0,11.0,135.0,19.0,16.0,Debit Card,4.0
2023-12-02,56-65,NY,Other,Middle,Others,Electronics,Smartphones,Samsung,Galaxy Z Fold 5,1418.0,1500.0,4.0,16.0,5670.0,28.0,-358.0,Credit Card,5.0
2023-12-02,36-45,TX,Female,Middle,Affiliates,Electronics,Smartphones,Samsung,Galaxy A32,289.0,250.0,4.0,18.0,1155.0,25.0,130.0,Digital Wallet,5.0
2023-12-02,66+,FL,Other,Middle,Organic,Electronics,Laptops,Apple Laptop,MacBook Pro M3,1614.0,1500.0,1.0,10.0,1614.0,16.0,98.0,Debit Card,4.0
2023-12-02,26-35,CA,Female,High,App,Home,Furniture,IKEA,Billy Bookcase,119.0,100.0,1.0,5.0,119.0,16.0,3.0,Digital Wallet,5.0
2023-12-02,66+,TX,Other,Low,PPC,Home,Furniture,Ashley Furniture,Sofa,401.0,300.0,1.0,14.0,401.0,18.0,83.0,Debit Card,5.0
2023-12-02,26-35,TX,Female,High,Email,Beauty,Makeup,Maybelline,Fit Me Foundation,14.0,15.0,3.0,20.0,43.0,6.0,-8.0,Digital Wallet,5.0
2023-12-02,26-35,FL,Other,High,Others,Home,Furniture,IKEA,Kallax Shelf,72.0,60.0,1.0,8.0,72.0,19.0,-7.0,BNPL,5.0
2023-12-02,18-25,GA,Female,Middle,Organic,Home,Beds,Tempur-Pedic,Contour Elite,1875.0,1700.0,3.0,8.0,5625.0,37.0,489.0,Credit Card,5.0
2023-12-02,26-35,OH,Male,Middle,PPC,Home,Furniture,IKEA,Billy Bookcase,123.0,100.0,3.0,11.0,369.0,33.0,36.0,Credit Card,4.0
2023-12-02,26-35,TX,Other,Middle,Affiliates,Beauty,Makeup,Maybelline,Fit Me Foundation,14.0,15.0,4.0,25.0,54.0,7.0,-12.0,Digital Wallet,5.0
2023-12-02,26-35,PA,Female,Low,Affiliates,Home,Furniture,IKEA,Billy Bookcase,143.0,100.0,1.0,14.0,143.0,20.0,23.0,Debit Card,5.0
2023-12-02,56-65,OH,Male,Middle,Affiliates,Home,Furniture,IKEA,Billy Bookcase,123.0,100.0,3.0,8.0,368.0,33.0,36.0,BNPL,6.0
2023-12-02,56-65,CA,Male,Low,Organic,Home,Beds,Tempur-Pedic,Cloud Supreme,1873.0,1800.0,3.0,8.0,5620.0,36.0,184.0,Credit Card,4.0
2023-12-02,26-35,TX,Male,High,App,Home,Beds,Tempur-Pedic,Cloud Supreme,1863.0,1800.0,1.0,9.0,1863.0,21.0,43.0,Debit Card,4.0
2023-12-02,26-35,NC,Male,High,Affiliates,Beauty,Makeup,Revlon,PhotoReady Concealer,14.0,12.0,8.0,24.0,108.0,13.0,-1.0,Debit Card,8.0
2023-12-02,36-45,OH,Male,Middle,Affiliates,Home,Beds,Tempur-Pedic,Cloud Supreme,1880.0,1800.0,3.0,11.0,5639.0,38.0,201.0,Debit Card,6.0
2023-12-02,36-45,PA,Male,Middle,Organic,Electronics,Smartphones,Samsung,Galaxy S21,567.0,500.0,1.0,19.0,567.0,13.0,54.0,Debit Card,4.0
2023-12-02,36-45,OH,Female,Middle,Organic,Home,Beds,Tempur-Pedic,Contour Elite,1721.0,1700.0,1.0,12.0,1721.0,21.0,-1.0,BNPL,4.0
2023-12-02,18-25,NY,Female,Middle,App,Beauty,Makeup,Maybelline,Lash Sensational Mascara,11.0,10.0,4.0,23.0,42.0,10.0,-7.0,Digital Wallet,5.0
