TransactionDate,CustomerAgeBucket,State,CustomerGender,CustomerIncomeGroup,MarketChannel,ProductCategory,ProductSubCategory,ProductBrand,ProductName,UnitCost,ProductCost,NumberOfUnits,DiscountRate,TotalCost,ShippingCost,Profit,PaymentMethod,DeliveryTime
2022-11-22,18-25,NC,Male,Middle,App,Home,Furniture,IKEA,Billy Bookcase,150.0,100.0,1.0,1.04,150.0,17.0,33.0,Credit Card,6.0
2022-11-22,18-25,TX,Male,Middle,Others,Clothing,Jeans,Levis,Bootcut,119.0,100.0,1.0,0.98,119.0,4.0,15.0,Credit Card,3.0
2022-11-22,36-45,FL,Male,Middle,Email,Home,Furniture,IKEA,Kallax Shelf,66.0,60.0,1.0,1.54,66.0,14.0,-8.0,Credit Card,4.0
2022-11-22,36-45,TX,Male,Middle,Email,Home,Furniture,Ashley Furniture,Dining Table,307.0,200.0,2.0,1.45,614.0,23.0,192.0,Credit Card,5.0
2022-11-22,26-35,PA,Female,Low,PPC,Beauty,Skincare,Neutrogena,Oil-Free Acne Wash,18.0,15.0,1.0,1.5,18.0,5.0,-2.0,Credit Card,3.0
2022-11-22,26-35,CA,Female,Middle,Affiliates,Beauty,Makeup,Maybelline,Lash Sensational Mascara,14.0,10.0,2.0,0.71,29.0,3.0,6.0,Digital Wallet,2.0
2022-11-22,26-35,GA,Other,Middle,App,Electronics,Laptops,HP,Envy,895.0,700.0,2.0,0.94,1789.0,18.0,372.0,Debit Card,4.0
2022-11-22,46-55,NY,Male,Middle,Others,Home,Furniture,IKEA,Billy Bookcase,128.0,100.0,2.0,1.84,257.0,26.0,31.0,Credit Card,5.0
2022-11-22,36-45,OH,Female,Middle,Others,Beauty,Makeup,Revlon,ColorStay Lipstick,17.0,15.0,4.0,1.4,66.0,6.0,1.0,Digital Wallet,6.0
2022-11-22,46-55,FL,Female,Middle,Email,Electronics,Smartphones,Apple,iPhone SE,583.0,400.0,2.0,1.13,1166.0,14.0,352.0,Digital Wallet,5.0
2022-11-22,46-55,TX,Male,Low,App,Home,Beds,Tempur-Pedic,Contour Elite,1896.0,1700.0,2.0,1.08,3792.0,27.0,365.0,Digital Wallet,6.0
2022-11-22,56-65,TX,Female,High,Email,Clothing,Jeans,Levis,501 Original,89.0,60.0,2.0,0.63,177.0,6.0,52.0,Digital Wallet,5.0
2022-11-22,36-45,FL,Female,High,Organic,Beauty,Skincare,Neutrogena,Rapid Wrinkle Repair,31.0,20.0,4.0,0.61,123.0,7.0,37.0,Digital Wallet,4.0
2022-11-22,36-45,FL,Other,Middle,Others,Home,Beds,Tempur-Pedic,Cloud Supreme,1913.0,1800.0,2.0,1.69,3826.0,28.0,198.0,Digital Wallet,5.0
2022-11-22,18-25,CA,Other,Low,Email,Electronics,Smartphones,Samsung,Galaxy A32,315.0,250.0,3.0,0.89,944.0,16.0,178.0,Debit Card,4.0
2022-11-22,36-45,CA,Male,Middle,Email,Home,Furniture,IKEA,Billy Bookcase,130.0,100.0,2.0,1.53,260.0,21.0,39.0,Digital Wallet,4.0
2022-11-22,46-55,IL,Other,Middle,App,Clothing,Jeans,Levis,Slim Fit,62.0,50.0,3.0,1.1,185.0,9.0,26.0,Digital Wallet,4.0
2022-11-22,26-35,CA,Female,Low,Organic,Home,Furniture,IKEA,Kallax Shelf,73.0,60.0,2.0,0.6,146.0,21.0,6.0,Digital Wallet,4.0
2022-11-22,56-65,NY,Male,Middle,PPC,Electronics,Smartphones,Samsung,Galaxy Z Fold 5,1594.0,1500.0,3.0,1.57,4782.0,21.0,261.0,Credit Card,7.0
2022-11-22,26-35,CA,Male,High,Email,Electronics,Laptops,HP,Envy,847.0,700.0,1.0,1.2,847.0,9.0,138.0,Digital Wallet,3.0
2022-11-22,18-25,TX,Male,Middle,PPC,Beauty,Makeup,Revlon,PhotoReady Concealer,17.0,12.0,6.0,0.55,104.0,6.0,26.0,Credit Card,6.0
2022-11-22,56-65,CA,Female,High,Others,Home,Furniture,IKEA,Kallax Shelf,70.0,60.0,1.0,1.76,70.0,11.0,-1.0,Credit Card,5.0
2022-11-22,46-55,TX,Female,Middle,Organic,Clothing,Jeans,Levis,Slim Fit,66.0,50.0,2.0,0.78,131.0,6.0,25.0,Credit Card,3.0
2022-11-22,36-45,TX,Female,Middle,App,Electronics,Smartphones,Apple,iPhone 15,1016.0,800.0,3.0,1.78,3047.0,18.0,630.0,Credit Card,5.0
2022-11-22,36-45,CA,Other,High,Organic,Home,Furniture,IKEA,Billy Bookcase,127.0,100.0,1.0,1.37,127.0,11.0,16.0,Credit Card,4.0
2022-11-22,66+,OH,Male,Low,Organic,Clothing,Jeans,Levis,501 Original,82.0,60.0,2.0,1.8,164.0,6.0,38.0,Digital Wallet,3.0
2022-11-22,26-35,TX,Other,Middle,Others,Home,Beds,Serta,Perfect Sleeper,909.0,750.0,1.0,1.35,909.0,15.0,144.0,BNPL,4.0
2022-11-22,26-35,CA,Female,Middle,PPC,Electronics,Laptops,Dell,Inspiron,810.0,600.0,2.0,1.83,1620.0,17.0,403.0,Digital Wallet,4.0
2022-11-22,46-55,TX,Male,Middle,Organic,Home,Furniture,IKEA,Kallax Shelf,70.0,60.0,2.0,1.07,140.0,23.0,-3.0,Credit Card,5.0
2022-11-22,18-25,CA,Other,Middle,PPC,Electronics,Laptops,Apple Laptop,MacBook Pro M3,1698.0,1500.0,1.0,1.43,1698.0,9.0,190.0,Debit Card,2.0
2022-11-22,66+,MI,Female,Middle,Others,Electronics,Smartphones,Samsung,Galaxy A32,348.0,250.0,2.0,1.49,697.0,15.0,181.0,Digital Wallet,5.0
2022-11-22,56-65,FL,Female,Middle,Others,Home,Furniture,IKEA,Kallax Shelf,67.0,60.0,1.0,1.89,67.0,14.0,-7.0,BNPL,5.0
2022-11-22,56-65,FL,Male,Low,PPC,Beauty,Skincare,Neutrogena,Rapid Wrinkle Repair,26.0,20.0,2.0,0.98,53.0,5.0,7.0,Digital Wallet,4.0
2022-11-22,66+,PA,Other,Middle,Affiliates,Electronics,Smartphones,Samsung,Galaxy S21,718.0,500.0,2.0,1.03,1436.0,14.0,422.0,Credit Card,4.0
2022-11-22,46-55,NC,Female,Middle,Email,Electronics,Laptops,Dell,Inspiron,841.0,600.0,1.0,1.2,841.0,15.0,226.0,Debit Card,5.0
2022-11-22,26-35,FL,Female,Middle,Email,Home,Furniture,IKEA,Kallax Shelf,59.0,60.0,2.0,1.12,118.0,24.0,-25.0,Credit Card,4.0
2022-11-22,26-35,IL,Other,Middle,Organic,Electronics,Smartphones,Apple,iPhone 14,916.0,700.0,3.0,1.13,2749.0,20.0,629.0,Digital Wallet,4.0
2022-11-22,56-65,NC,Female,High,Organic,Home,Furniture,IKEA,Billy Bookcase,144.0,100.0,1.0,1.26,144.0,17.0,27.0,Debit Card,6.0
2022-11-22,36-45,FL,Male,Low,Others,Electronics,Smartphones,Apple,iPhone SE,573.0,400.0,1.0,1.47,573.0,9.0,164.0,Debit Card,2.0
2022-11-22,18-25,FL,Male,Middle,Organic,Electronics,Smartphones,Apple,iPhone 14,939.0,700.0,2.0,1.95,1877.0,14.0,463.0,Credit Card,6.0
2022-11-22,56-65,IL,Male,High,Others,Beauty,Makeup,Maybelline,Fit Me Foundation,14.0,15.0,5.0,1.97,72.0,8.0,-10.0,BNPL,5.0
2022-11-22,56-65,IL,Male,High,Organic,Home,Beds,Tempur-Pedic,Cloud Supreme,1981.0,1800.0,2.0,0.92,3962.0,29.0,333.0,Credit Card,8.0
2022-11-22,56-65,FL,Male,Low,Affiliates,Electronics,Smartphones,Apple,iPhone 15,1023.0,800.0,1.0,1.48,1023.0,9.0,214.0,Digital Wallet,3.0
2022-11-22,18-25,IL,Female,Low,Email,Beauty,Makeup,Maybelline,Fit Me Foundation,20.0,15.0,3.0,1.37,61.0,7.0,10.0,BNPL,4.0
2022-11-22,36-45,CA,Other,Middle,Email,Home,Beds,Tempur-Pedic,Cloud Supreme,1867.0,1800.0,2.0,1.65,3734.0,25.0,109.0,Credit Card,2.0
2022-11-22,26-35,CA,Other,Middle,Others,Home,Beds,Tempur-Pedic,Contour Elite,1915.0,1700.0,1.0,1.85,1915.0,13.0,202.0,Debit Card,3.0
2022-11-22,26-35,NY,Male,Middle,Others,Home,Beds,Tempur-Pedic,Cloud Supreme,1992.0,1800.0,2.0,0.64,3984.0,30.0,354.0,Debit Card,5.0
2022-11-22,26-35,CA,Male,High,Organic,Clothing,T-Shirts,Adidas,Essentials,42.0,35.0,2.0,0.87,84.0,3.0,11.0,Digital Wallet,3.0
2022-11-22,66+,IL,Female,Low,Others,Electronics,Smartphones,Apple,iPhone 15,1045.0,800.0,1.0,1.82,1045.0,10.0,236.0,Credit Card,4.0
2022-11-22,18-25,IL,Other,Low,Others,Electronics,Smartphones,Apple,iPhone 14,975.0,700.0,3.0,1.61,2924.0,20.0,804.0,Digital Wallet,5.0
2022-11-22,26-35,FL,Male,Middle,Email,Clothing,Jeans,Levis,Slim Fit,67.0,50.0,3.0,0.66,201.0,8.0,43.0,Digital Wallet,3.0
2022-11-22,46-55,GA,Male,Low,PPC,Home,Furniture,Ashley Furniture,Dining Table,367.0,200.0,1.0,0.85,367.0,12.0,155.0,Digital Wallet,4.0
2022-11-22,18-25,TX,Other,Middle,Organic,Home,Furniture,IKEA,Billy Bookcase,158.0,100.0,1.0,0.72,158.0,13.0,45.0,Debit Card,5.0
2022-11-22,18-25,CA,Female,Low,PPC,Home,Furniture,IKEA,Billy Bookcase,138.0,100.0,1.0,1.24,138.0,11.0,27.0,Debit Card,4.0
2022-11-22,66+,OH,Male,Low,App,Beauty,Makeup,Revlon,PhotoReady Concealer,21.0,12.0,2.0,1.24,42.0,5.0,13.0,Credit Card,3.0
2022-11-22,66+,IL,Male,Low,Email,Electronics,Smartphones,Apple,iPhone 15,1075.0,800.0,1.0,1.48,1075.0,10.0,265.0,Debit Card,3.0
2022-11-22,56-65,IL,Female,High,Organic,Electronics,Laptops,HP,Envy,937.0,700.0,1.0,1.83,937.0,13.0,225.0,BNPL,4.0
2022-11-22,26-35,TX,Female,High,Email,Clothing,Jeans,Wrangler,Authentics,47.0,30.0,2.0,1.68,95.0,6.0,29.0,Debit Card,3.0
2022-11-22,56-65,CA,Female,Low,Email,Home,Furniture,IKEA,Kallax Shelf,76.0,60.0,2.0,1.74,153.0,21.0,12.0,Debit Card,4.0
2022-11-22,36-45,TX,Male,Low,Organic,Beauty,Makeup,Maybelline,Lash Sensational Mascara,13.0,10.0,5.0,1.3,66.0,6.0,10.0,Debit Card,5.0
2022-11-22,66+,TX,Female,Low,Organic,Home,Furniture,IKEA,Billy Bookcase,149.0,100.0,1.0,1.36,149.0,13.0,36.0,BNPL,6.0
2022-11-22,66+,FL,Other,High,Email,Beauty,Makeup,Maybelline,Lash Sensational Mascara,13.0,10.0,4.0,1.2,50.0,6.0,4.0,Debit Card,5.0
2022-11-22,26-35,OH,Other,Middle,App,Clothing,Jeans,Levis,Bootcut,101.0,100.0,3.0,1.46,302.0,8.0,-6.0,Digital Wallet,4.0
2022-11-22,66+,CA,Male,Middle,Email,Beauty,Makeup,Maybelline,Fit Me Foundation,22.0,15.0,2.0,0.96,45.0,3.0,12.0,Digital Wallet,3.0
2022-11-22,18-25,FL,Female,Middle,Affiliates,Home,Furniture,IKEA,Billy Bookcase,160.0,100.0,1.0,1.08,160.0,14.0,46.0,Digital Wallet,4.0
2022-11-22,56-65,NY,Other,Middle,App,Electronics,Smartphones,Apple,iPhone 15,1044.0,800.0,2.0,0.57,2087.0,16.0,472.0,Digital Wallet,5.0
2022-11-22,36-45,NC,Male,High,Others,Clothing,Jeans,Wrangler,Authentics,53.0,30.0,1.0,1.08,53.0,8.0,14.0,Credit Card,3.0
2022-11-22,36-45,CA,Female,Middle,Others,Electronics,Laptops,Apple Laptop,MacBook Air M1,925.0,900.0,1.0,0.63,925.0,9.0,16.0,Credit Card,3.0
2022-11-22,46-55,TX,Female,Middle,Others,Home,Furniture,IKEA,Billy Bookcase,157.0,100.0,2.0,0.81,314.0,23.0,92.0,Debit Card,4.0
2022-11-22,46-55,OH,Male,High,Organic,Home,Furniture,Ashley Furniture,Dining Table,350.0,200.0,2.0,1.01,699.0,23.0,276.0,Credit Card,6.0
2022-11-22,36-45,GA,Female,Low,Organic,Home,Beds,Tempur-Pedic,Cloud Supreme,1930.0,1800.0,1.0,1.51,1930.0,14.0,116.0,Credit Card,4.0
2022-11-22,18-25,NC,Male,Middle,Organic,Home,Furniture,Ashley Furniture,Bed Frame,233.0,100.0,2.0,1.84,466.0,27.0,239.0,Debit Card,7.0
2022-11-22,18-25,CA,Male,Middle,App,Home,Furniture,IKEA,Billy Bookcase,153.0,100.0,2.0,0.92,305.0,21.0,85.0,Debit Card,4.0
2022-11-22,18-25,CA,Male,High,Organic,Beauty,Skincare,Neutrogena,Hydro Boost Gel,23.0,20.0,3.0,1.1,68.0,3.0,5.0,Debit Card,5.0
2022-11-22,36-45,NY,Other,Middle,Others,Electronics,Laptops,Dell,XPS,1403.0,1300.0,2.0,1.9,2805.0,22.0,183.0,Digital Wallet,5.0
2022-11-22,66+,CA,Male,Middle,Others,Home,Beds,Tempur-Pedic,Contour Elite,1841.0,1700.0,2.0,0.83,3682.0,25.0,257.0,Digital Wallet,5.0
2022-11-22,26-35,FL,Female,Low,Affiliates,Beauty,Makeup,Maybelline,Fit Me Foundation,18.0,15.0,2.0,0.77,37.0,5.0,2.0,Digital Wallet,6.0
2022-11-22,66+,NY,Female,Middle,Others,Electronics,Smartphones,Samsung,Galaxy S21,752.0,500.0,2.0,0.71,1505.0,16.0,489.0,Digital Wallet,4.0
2022-11-22,18-25,CA,Other,Middle,Organic,Home,Furniture,IKEA,Billy Bookcase,122.0,100.0,2.0,0.53,244.0,21.0,23.0,Credit Card,9.0
2022-11-22,26-35,CA,Female,High,Organic,Home,Furniture,IKEA,Kallax Shelf,79.0,60.0,1.0,1.67,79.0,11.0,8.0,Debit Card,3.0
2022-11-22,26-35,NY,Female,Middle,Affiliates,Electronics,Smartphones,Samsung,Galaxy A32,353.0,250.0,2.0,0.76,707.0,16.0,191.0,Debit Card,6.0
2022-11-22,56-65,OH,Female,Low,App,Beauty,Makeup,Maybelline,Fit Me Foundation,18.0,15.0,2.0,1.01,36.0,5.0,2.0,BNPL,5.0
2022-11-22,36-45,IL,Male,High,Email,Electronics,Laptops,Dell,XPS,1473.0,1300.0,1.0,0.87,1473.0,13.0,160.0,Debit Card,3.0
2022-11-22,26-35,NY,Other,Middle,Affiliates,Home,Beds,Tempur-Pedic,Cloud Supreme,1866.0,1800.0,1.0,1.05,1866.0,18.0,48.0,BNPL,5.0
2022-11-22,66+,NC,Female,Middle,Affiliates,Electronics,Smartphones,Apple,iPhone SE,574.0,400.0,1.0,1.25,574.0,12.0,162.0,Digital Wallet,4.0
2022-11-22,18-25,GA,Male,Low,Email,Electronics,Smartphones,Samsung,Galaxy A32,298.0,250.0,3.0,1.47,893.0,17.0,126.0,Credit Card,5.0
2022-11-22,56-65,CA,Male,Middle,Organic,Electronics,Laptops,Dell,XPS,1447.0,1300.0,15.0,0.59,21710.0,121.0,2089.0,BNPL,10.0
2022-11-22,26-35,CA,Other,High,Email,Electronics,Smartphones,Apple,iPhone SE,608.0,400.0,3.0,1.28,1825.0,16.0,609.0,Digital Wallet,4.0
2022-11-22,26-35,IL,Female,Low,PPC,Beauty,Makeup,Maybelline,Lash Sensational Mascara,12.0,10.0,4.0,1.4,48.0,7.0,1.0,Debit Card,4.0
2022-11-22,46-55,CA,Female,High,PPC,Electronics,Laptops,Apple Laptop,MacBook Pro M3,1760.0,1500.0,1.0,0.74,1760.0,9.0,251.0,Credit Card,4.0
2022-11-22,26-35,GA,Male,Low,Organic,Home,Furniture,IKEA,Billy Bookcase,142.0,100.0,1.0,0.56,142.0,12.0,31.0,Credit Card,5.0
2022-11-22,56-65,OH,Male,Low,PPC,Electronics,Smartphones,Samsung,Galaxy Z Fold 5,1713.0,1500.0,1.0,1.19,1713.0,8.0,205.0,BNPL,2.0
2022-11-22,36-45,NC,Other,Low,App,Home,Furniture,Ashley Furniture,Sofa,427.0,300.0,1.0,1.56,427.0,17.0,110.0,Credit Card,6.0
2022-11-22,56-65,NC,Female,Middle,App,Home,Furniture,Ashley Furniture,Dining Table,340.0,200.0,2.0,0.64,679.0,27.0,252.0,Credit Card,5.0
2022-11-22,26-35,FL,Other,High,Email,Home,Furniture,IKEA,Kallax Shelf,71.0,60.0,2.0,1.02,142.0,24.0,-2.0,Digital Wallet,5.0
2022-11-22,26-35,PA,Male,High,PPC,Home,Furniture,Ashley Furniture,Bed Frame,226.0,100.0,1.0,1.72,226.0,14.0,111.0,Credit Card,7.0
2022-11-22,56-65,PA,Male,High,Others,Home,Furniture,IKEA,Billy Bookcase,146.0,100.0,1.0,1.96,146.0,14.0,32.0,Digital Wallet,5.0
2022-11-22,26-35,GA,Female,Low,Email,Home,Furniture,IKEA,Kallax Shelf,62.0,60.0,2.0,1.88,124.0,22.0,-18.0,Credit Card,5.0
2022-11-22,18-25,OH,Female,Middle,Organic,Electronics,Smartphones,Samsung,Galaxy Z Fold 5,1712.0,1500.0,1.0,0.98,1712.0,8.0,203.0,Digital Wallet,3.0
2022-11-22,18-25,PA,Female,Middle,App,Electronics,Smartphones,Samsung,Galaxy Z Fold 5,1549.0,1500.0,2.0,1.59,3098.0,14.0,83.0,Debit Card,4.0
2022-11-22,36-45,OH,Male,High,Affiliates,Home,Furniture,Ashley Furniture,Sofa,460.0,300.0,1.0,1.84,460.0,13.0,147.0,Debit Card,19.0
2022-11-22,26-35,TX,Male,Low,Email,Electronics,Smartphones,Apple,iPhone 15,1023.0,800.0,1.0,1.13,1023.0,8.0,216.0,Credit Card,2.0
2022-11-22,26-35,IL,Female,Middle,App,Home,Beds,Serta,Perfect Sleeper,921.0,750.0,2.0,0.75,1841.0,29.0,312.0,BNPL,5.0
2022-11-22,46-55,OH,Male,Middle,Others,Electronics,Smartphones,Apple,iPhone 15,1039.0,800.0,2.0,0.77,2078.0,13.0,465.0,Credit Card,5.0
2022-11-22,18-25,IL,Male,Middle,App,Electronics,Smartphones,Apple,iPhone 14,910.0,700.0,1.0,1.52,910.0,10.0,200.0,Digital Wallet,4.0
2022-11-22,18-25,IL,Male,Middle,Email,Electronics,Smartphones,Samsung,Galaxy Z Fold 5,1582.0,1500.0,1.0,1.96,1582.0,10.0,72.0,Digital Wallet,3.0
2022-11-22,36-45,CA,Male,Low,Organic,Home,Furniture,IKEA,Billy Bookcase,177.0,100.0,2.0,0.54,354.0,21.0,133.0,Debit Card,5.0
2022-11-22,36-45,CA,Other,Low,Email,Beauty,Makeup,Maybelline,Lash Sensational Mascara,14.0,10.0,5.0,1.98,68.0,4.0,14.0,Credit Card,3.0
2022-11-22,66+,OH,Other,Low,App,Electronics,Smartphones,Apple,iPhone 14,960.0,700.0,1.0,1.78,960.0,8.0,252.0,Credit Card,5.0
2022-11-22,66+,NC,Other,Middle,Others,Home,Beds,Serta,Perfect Sleeper,890.0,750.0,1.0,1.68,890.0,19.0,121.0,BNPL,4.0
2022-11-22,26-35,IL,Female,Low,Affiliates,Home,Beds,Tempur-Pedic,Cloud Supreme,1993.0,1800.0,2.0,1.37,3987.0,29.0,358.0,Credit Card,6.0
2022-11-22,46-55,FL,Female,Middle,App,Electronics,Smartphones,Samsung,Galaxy A32,319.0,250.0,2.0,0.76,637.0,14.0,124.0,Debit Card,4.0
2022-11-22,18-25,IL,Male,Middle,Affiliates,Home,Furniture,Ashley Furniture,Bed Frame,238.0,100.0,1.0,0.5,238.0,15.0,124.0,Credit Card,5.0
2022-11-22,36-45,IL,Female,High,Others,Home,Beds,Tempur-Pedic,Contour Elite,1833.0,1700.0,1.0,0.75,1833.0,17.0,116.0,Debit Card,5.0
2022-11-22,36-45,NY,Other,Middle,Affiliates,Clothing,T-Shirts,Nike,Pro,47.0,30.0,5.0,0.89,234.0,12.0,72.0,BNPL,6.0
2022-11-22,66+,NY,Female,Low,Organic,Home,Beds,Serta,iComfort,2088.0,1900.0,1.0,1.01,2088.0,18.0,171.0,Digital Wallet,4.0
2022-11-22,36-45,TX,Female,Low,Email,Home,Furniture,IKEA,Billy Bookcase,143.0,100.0,7.0,1.72,1001.0,73.0,228.0,Credit Card,8.0
2022-11-22,26-35,TX,Male,Middle,App,Beauty,Makeup,Maybelline,Fit Me Foundation,16.0,15.0,3.0,1.37,49.0,5.0,-1.0,Digital Wallet,4.0
2022-11-22,26-35,GA,Female,Low,Email,Home,Furniture,Ashley Furniture,Dining Table,351.0,200.0,1.0,1.94,351.0,12.0,140.0,Debit Card,5.0
2022-11-22,26-35,CA,Male,Low,Others,Beauty,Skincare,Neutrogena,Oil-Free Acne Wash,16.0,15.0,3.0,1.23,47.0,3.0,-1.0,Digital Wallet,2.0
2022-11-22,46-55,IL,Male,Middle,Affiliates,Electronics,Laptops,Dell,Inspiron,905.0,600.0,1.0,1.33,905.0,13.0,293.0,Credit Card,5.0
2022-11-22,18-25,PA,Male,Middle,PPC,Electronics,Smartphones,Samsung,Galaxy A32,318.0,250.0,1.0,0.68,318.0,9.0,59.0,Credit Card,3.0
2022-11-22,36-45,NY,Male,Middle,App,Electronics,Laptops,HP,Pavilion,742.0,600.0,2.0,1.82,1484.0,22.0,263.0,Credit Card,5.0
2022-11-22,26-35,TX,Male,High,Others,Electronics,Smartphones,Samsung,Galaxy S21,780.0,500.0,9.0,1.9,7023.0,48.0,2475.0,Debit Card,8.0
2022-11-22,36-45,IL,Male,Middle,App,Electronics,Smartphones,Samsung,Galaxy S21,682.0,500.0,3.0,1.66,2047.0,20.0,527.0,Credit Card,6.0
2022-11-22,26-35,OH,Female,Middle,Organic,Electronics,Laptops,HP,Pavilion,742.0,600.0,1.0,1.74,742.0,11.0,131.0,Digital Wallet,4.0
2022-11-22,56-65,FL,Other,Middle,Organic,Beauty,Makeup,Revlon,ColorStay Lipstick,19.0,15.0,5.0,1.23,95.0,7.0,13.0,Debit Card,4.0
2022-11-22,18-25,OH,Male,Middle,Organic,Beauty,Skincare,Neutrogena,Hydro Boost Gel,21.0,20.0,3.0,1.01,63.0,5.0,-2.0,BNPL,3.0
2022-11-22,46-55,TX,Female,Middle,Organic,Home,Beds,Tempur-Pedic,Contour Elite,1837.0,1700.0,1.0,0.97,1837.0,15.0,122.0,Credit Card,5.0
2022-11-22,26-35,NY,Other,Low,Organic,Home,Furniture,Ashley Furniture,Dining Table,306.0,200.0,1.0,1.24,306.0,16.0,90.0,BNPL,7.0
2022-11-22,26-35,TX,Other,Low,Others,Home,Furniture,IKEA,Kallax Shelf,64.0,60.0,2.0,1.37,128.0,23.0,-15.0,Digital Wallet,4.0
2022-11-22,18-25,TX,Female,Middle,Email,Clothing,T-Shirts,Nike,Dry-FIT,32.0,20.0,3.0,1.55,97.0,6.0,30.0,Credit Card,4.0
2022-11-22,46-55,TX,Male,Low,Others,Electronics,Smartphones,Apple,iPhone 15,985.0,800.0,2.0,1.65,1969.0,13.0,356.0,Credit Card,3.0
2022-11-22,18-25,TX,Female,Middle,Email,Electronics,Smartphones,Apple,iPhone 14,961.0,700.0,1.0,1.28,961.0,8.0,253.0,Credit Card,3.0
2022-11-22,46-55,NY,Female,Middle,App,Clothing,Jeans,Levis,Bootcut,105.0,100.0,2.0,0.74,210.0,9.0,1.0,Digital Wallet,5.0
2022-11-22,26-35,CA,Female,Low,Email,Electronics,Laptops,Apple Laptop,MacBook Pro M3,1646.0,1500.0,1.0,1.69,1646.0,9.0,138.0,Digital Wallet,2.0
2022-11-22,26-35,FL,Male,High,Organic,Clothing,Jeans,Wrangler,Authentics,47.0,30.0,2.0,1.67,94.0,7.0,27.0,Debit Card,5.0
2022-11-22,66+,MI,Male,High,Others,Electronics,Smartphones,Apple,iPhone 14,890.0,700.0,3.0,0.83,2671.0,20.0,551.0,Digital Wallet,7.0
2022-11-22,26-35,NC,Female,Low,PPC,Home,Beds,Tempur-Pedic,Cloud Supreme,1938.0,1800.0,2.0,0.82,3876.0,31.0,246.0,Digital Wallet,6.0
2022-11-22,36-45,OH,Female,Middle,Affiliates,Beauty,Makeup,Maybelline,Lash Sensational Mascara,14.0,10.0,1.0,1.0,14.0,4.0,-0.0,Credit Card,2.0
2022-11-22,66+,FL,Other,Middle,App,Home,Furniture,IKEA,Kallax Shelf,83.0,60.0,2.0,0.78,166.0,24.0,22.0,Debit Card,4.0
2022-11-22,26-35,OH,Male,Low,Organic,Home,Furniture,IKEA,Billy Bookcase,126.0,100.0,2.0,1.74,252.0,23.0,28.0,Credit Card,5.0
2022-11-22,36-45,NC,Female,Middle,Email,Beauty,Makeup,Maybelline,Fit Me Foundation,19.0,15.0,1.0,0.98,19.0,7.0,-4.0,Digital Wallet,4.0
2022-11-22,36-45,CA,Female,High,Affiliates,Home,Beds,Serta,iComfort,2133.0,1900.0,2.0,1.36,4267.0,25.0,442.0,BNPL,4.0
2022-11-22,26-35,OH,Female,Middle,Organic,Home,Furniture,IKEA,Billy Bookcase,118.0,100.0,2.0,1.56,236.0,23.0,13.0,Credit Card,5.0
2022-11-22,26-35,CA,Male,Low,PPC,Electronics,Laptops,Dell,XPS,1457.0,1300.0,1.0,1.8,1457.0,9.0,148.0,Digital Wallet,3.0
2022-11-22,56-65,CA,Male,High,Others,Electronics,Laptops,HP,Pavilion,877.0,600.0,1.0,1.27,877.0,9.0,268.0,BNPL,11.0
2022-11-22,26-35,NY,Male,Middle,Organic,Electronics,Laptops,HP,Pavilion,730.0,600.0,1.0,1.56,730.0,14.0,116.0,Credit Card,5.0
2022-11-22,66+,IL,Other,High,Organic,Electronics,Smartphones,Apple,iPhone 15,990.0,800.0,2.0,1.06,1981.0,15.0,366.0,Digital Wallet,4.0
2022-11-22,18-25,NY,Male,High,Others,Home,Furniture,IKEA,Billy Bookcase,151.0,100.0,1.0,0.63,151.0,16.0,35.0,Digital Wallet,5.0
2022-11-22,26-35,PA,Female,High,App,Electronics,Smartphones,Apple,iPhone 14,907.0,700.0,3.0,1.33,2720.0,19.0,601.0,Digital Wallet,4.0
2022-11-22,36-45,MI,Female,Middle,PPC,Home,Furniture,Ashley Furniture,Dining Table,308.0,200.0,2.0,0.61,615.0,25.0,190.0,Digital Wallet,5.0
2022-11-22,26-35,OH,Other,Low,App,Home,Beds,Tempur-Pedic,Contour Elite,1879.0,1700.0,1.0,1.05,1879.0,15.0,163.0,Debit Card,5.0
2022-11-22,36-45,MI,Other,Low,App,Home,Furniture,IKEA,Kallax Shelf,37.0,60.0,2.0,0.68,73.0,25.0,-72.0,Debit Card,6.0
2022-11-22,66+,GA,Female,Low,Affiliates,Electronics,Smartphones,Samsung,Galaxy S21,657.0,500.0,3.0,0.77,1972.0,17.0,456.0,Credit Card,4.0
2022-11-22,18-25,IL,Male,Middle,Others,Beauty,Makeup,Maybelline,Fit Me Foundation,21.0,15.0,6.0,1.07,128.0,8.0,30.0,Digital Wallet,6.0
2022-11-22,26-35,NY,Male,Low,Affiliates,Home,Beds,Tempur-Pedic,Cloud Supreme,1903.0,1800.0,2.0,1.87,3807.0,30.0,177.0,Credit Card,5.0
2022-11-22,66+,CA,Female,High,Email,Home,Furniture,IKEA,Billy Bookcase,142.0,100.0,1.0,1.82,142.0,11.0,31.0,Credit Card,6.0
2022-11-22,18-25,OH,Male,Middle,Organic,Home,Furniture,IKEA,Kallax Shelf,74.0,60.0,1.0,1.19,74.0,13.0,1.0,Digital Wallet,5.0
2022-11-22,66+,MI,Male,High,PPC,Electronics,Smartphones,Samsung,Galaxy A32,341.0,250.0,1.0,0.62,341.0,10.0,81.0,Credit Card,5.0
2022-11-22,26-35,FL,Female,Middle,PPC,Home,Furniture,IKEA,Billy Bookcase,162.0,100.0,2.0,0.94,325.0,24.0,101.0,Digital Wallet,5.0
2022-11-22,26-35,IL,Male,Low,App,Home,Furniture,IKEA,Billy Bookcase,151.0,100.0,2.0,1.23,302.0,25.0,77.0,Credit Card,5.0
2022-11-22,36-45,NY,Male,Middle,Affiliates,Home,Beds,Serta,iComfort,2230.0,1900.0,1.0,1.48,2230.0,18.0,312.0,Credit Card,5.0
2022-11-22,18-25,GA,Female,Low,PPC,Electronics,Smartphones,Apple,iPhone SE,557.0,400.0,1.0,0.68,557.0,7.0,150.0,Credit Card,4.0
2022-11-22,36-45,MI,Male,High,Affiliates,Beauty,Makeup,Revlon,PhotoReady Concealer,18.0,12.0,4.0,1.37,71.0,8.0,16.0,Digital Wallet,4.0
2022-11-22,56-65,CA,Other,Middle,App,Home,Furniture,IKEA,Billy Bookcase,121.0,100.0,2.0,1.63,243.0,21.0,22.0,Digital Wallet,6.0
2022-11-22,36-45,NC,Male,Low,App,Beauty,Makeup,Maybelline,Fit Me Foundation,19.0,15.0,1.0,1.46,19.0,7.0,-4.0,Debit Card,5.0
2022-11-22,66+,NC,Male,Low,Email,Electronics,Smartphones,Samsung,Galaxy S21,841.0,500.0,3.0,0.95,2523.0,22.0,1001.0,Digital Wallet,5.0
2022-11-22,36-45,NY,Other,Middle,Organic,Clothing,Jeans,Wrangler,Authentics,47.0,30.0,1.0,0.75,47.0,7.0,9.0,Credit Card,5.0
2022-11-22,18-25,TX,Female,Middle,Affiliates,Home,Beds,Tempur-Pedic,Contour Elite,1740.0,1700.0,1.0,1.25,1740.0,15.0,25.0,Debit Card,4.0
2022-11-22,36-45,MI,Female,High,Organic,Electronics,Smartphones,Samsung,Galaxy S21,722.0,500.0,1.0,1.33,722.0,10.0,212.0,BNPL,4.0
2022-11-22,26-35,CA,Male,Low,App,Beauty,Makeup,Maybelline,Lash Sensational Mascara,14.0,10.0,5.0,1.02,70.0,4.0,16.0,Debit Card,4.0
2022-11-22,36-45,OH,Other,Middle,App,Clothing,T-Shirts,Nike,Sportswear,40.0,25.0,2.0,1.76,80.0,6.0,25.0,Digital Wallet,5.0
2022-11-22,56-65,PA,Female,Low,Organic,Electronics,Laptops,HP,Envy,947.0,700.0,1.0,1.34,947.0,12.0,235.0,Digital Wallet,4.0
2022-11-22,26-35,OH,Male,Middle,Email,Home,Furniture,IKEA,Kallax Shelf,85.0,60.0,2.0,1.34,170.0,23.0,27.0,Credit Card,5.0
2022-11-22,66+,CA,Female,Middle,Others,Beauty,Makeup,Maybelline,Lash Sensational Mascara,15.0,10.0,5.0,1.26,75.0,4.0,21.0,Credit Card,4.0
2022-11-22,18-25,TX,Female,Low,Others,Electronics,Smartphones,Samsung,Galaxy Z Fold 5,1641.0,1500.0,3.0,1.41,4922.0,18.0,405.0,Digital Wallet,2.0
2022-11-22,56-65,MI,Male,Middle,Email,Clothing,Jeans,Levis,501 Original,72.0,60.0,3.0,1.02,215.0,10.0,25.0,Debit Card,5.0
2022-11-22,66+,PA,Female,Low,Organic,Electronics,Smartphones,Samsung,Galaxy A32,336.0,250.0,1.0,0.59,336.0,9.0,77.0,Digital Wallet,3.0
2022-11-22,46-55,CA,Male,Low,PPC,Home,Furniture,IKEA,Billy Bookcase,143.0,100.0,1.0,0.93,143.0,11.0,32.0,Credit Card,7.0
2022-11-22,36-45,IL,Other,Low,Email,Home,Furniture,IKEA,Billy Bookcase,130.0,100.0,1.0,1.04,130.0,15.0,15.0,Credit Card,5.0
2022-11-22,26-35,GA,Male,Low,Organic,Beauty,Makeup,Maybelline,Fit Me Foundation,16.0,15.0,4.0,1.81,62.0,4.0,-2.0,Credit Card,4.0
2022-11-22,26-35,CA,Female,Middle,Others,Home,Beds,Serta,iComfort,2242.0,1900.0,1.0,1.5,2242.0,13.0,330.0,Debit Card,3.0
2022-11-22,36-45,TX,Female,Middle,Others,Home,Furniture,IKEA,Billy Bookcase,153.0,100.0,2.0,1.95,306.0,23.0,83.0,Debit Card,5.0
2022-11-22,26-35,OH,Female,Middle,Organic,Electronics,Smartphones,Apple,iPhone SE,541.0,400.0,1.0,1.37,541.0,8.0,132.0,Credit Card,3.0
2022-11-22,26-35,TX,Other,Middle,Others,Electronics,Laptops,Apple Laptop,MacBook Pro M3,1687.0,1500.0,2.0,0.51,3374.0,19.0,355.0,Debit Card,3.0
2022-11-22,26-35,MI,Female,Low,Organic,Home,Beds,Serta,iComfort,2201.0,1900.0,1.0,0.81,2201.0,17.0,284.0,Debit Card,6.0
2022-11-22,56-65,CA,Male,Middle,Others,Clothing,T-Shirts,Nike,Sportswear,35.0,25.0,4.0,0.56,139.0,6.0,33.0,Digital Wallet,4.0
2022-11-22,26-35,FL,Female,Middle,Organic,Electronics,Smartphones,Samsung,Galaxy A32,352.0,250.0,3.0,1.99,1057.0,19.0,288.0,Debit Card,5.0
2022-11-22,18-25,IL,Female,Middle,Others,Electronics,Smartphones,Apple,iPhone SE,601.0,400.0,1.0,1.35,601.0,10.0,191.0,Credit Card,4.0
2022-11-22,36-45,TX,Female,Low,Affiliates,Home,Furniture,IKEA,Kallax Shelf,64.0,60.0,2.0,1.0,128.0,23.0,-15.0,Debit Card,4.0
2022-11-22,26-35,NC,Female,Low,Affiliates,Electronics,Laptops,Dell,XPS,1475.0,1300.0,2.0,1.42,2950.0,23.0,327.0,Digital Wallet,6.0
2022-11-22,26-35,MI,Male,Middle,Others,Home,Beds,Serta,iComfort,2186.0,1900.0,1.0,1.62,2186.0,17.0,269.0,Debit Card,4.0
2022-11-22,18-25,CA,Female,Middle,Others,Electronics,Smartphones,Samsung,Galaxy A32,311.0,250.0,1.0,0.92,311.0,6.0,55.0,Digital Wallet,2.0
2022-11-22,18-25,CA,Female,High,App,Electronics,Smartphones,Samsung,Galaxy Z Fold 5,1651.0,1500.0,3.0,0.51,4952.0,16.0,436.0,Credit Card,3.0
2022-11-22,26-35,NY,Male,Low,PPC,Electronics,Laptops,Dell,Inspiron,764.0,600.0,1.0,2.0,764.0,14.0,150.0,Debit Card,4.0
2022-11-22,18-25,CA,Male,Middle,Others,Electronics,Smartphones,Samsung,Galaxy S21,760.0,500.0,2.0,0.65,1521.0,11.0,510.0,Credit Card,3.0
2022-11-22,26-35,TX,Male,Low,Others,Clothing,Jeans,Levis,501 Original,79.0,60.0,7.0,0.83,555.0,13.0,121.0,Credit Card,6.0
2022-11-22,36-45,PA,Male,Middle,Organic,Clothing,T-Shirts,Adidas,Performance,75.0,45.0,5.0,1.18,374.0,10.0,138.0,Digital Wallet,6.0
2022-11-22,18-25,MI,Female,Middle,Others,Home,Furniture,IKEA,Kallax Shelf,56.0,60.0,2.0,1.67,112.0,25.0,-34.0,Credit Card,5.0
2022-11-22,18-25,OH,Female,High,Email,Clothing,Jeans,Wrangler,Authentics,55.0,30.0,14.0,1.11,777.0,24.0,333.0,Credit Card,9.0
2022-11-22,46-55,FL,Female,Middle,Affiliates,Electronics,Laptops,Apple Laptop,MacBook Air M2,1146.0,1000.0,2.0,1.42,2292.0,20.0,272.0,Credit Card,4.0
2022-11-22,46-55,IL,Female,High,Others,Home,Furniture,IKEA,Billy Bookcase,139.0,100.0,2.0,1.63,279.0,25.0,54.0,Digital Wallet,5.0
2022-11-22,56-65,NY,Male,High,Organic,Clothing,T-Shirts,Adidas,Performance,62.0,45.0,3.0,1.33,186.0,9.0,42.0,BNPL,4.0
2022-11-22,66+,TX,Female,Middle,Email,Electronics,Smartphones,Apple,iPhone 14,929.0,700.0,2.0,1.42,1858.0,13.0,445.0,Credit Card,9.0
2022-11-22,26-35,IL,Other,Low,Organic,Home,Beds,Tempur-Pedic,Contour Elite,1833.0,1700.0,1.0,0.66,1833.0,17.0,117.0,Credit Card,5.0
2022-11-22,56-65,GA,Female,Low,App,Home,Furniture,Ashley Furniture,Dining Table,366.0,200.0,1.0,0.81,366.0,12.0,154.0,Debit Card,4.0
2022-11-22,26-35,FL,Other,Middle,Organic,Clothing,T-Shirts,Adidas,Performance,77.0,45.0,2.0,0.58,154.0,6.0,58.0,Digital Wallet,4.0
2022-11-22,18-25,GA,Male,Middle,Organic,Beauty,Skincare,Neutrogena,Hydro Boost Gel,23.0,20.0,4.0,1.71,92.0,5.0,7.0,Credit Card,5.0
2022-11-22,18-25,FL,Female,Low,Affiliates,Clothing,T-Shirts,Nike,Sportswear,38.0,25.0,1.0,1.1,38.0,5.0,8.0,BNPL,4.0
2022-11-22,56-65,FL,Male,High,Others,Home,Furniture,IKEA,Billy Bookcase,137.0,100.0,2.0,1.71,274.0,24.0,50.0,Debit Card,5.0
2022-11-22,18-25,GA,Male,Middle,Organic,Home,Furniture,IKEA,Billy Bookcase,134.0,100.0,2.0,0.82,269.0,22.0,47.0,Digital Wallet,5.0
2022-11-22,26-35,FL,Male,Low,Affiliates,Home,Furniture,IKEA,Kallax Shelf,75.0,60.0,2.0,1.45,151.0,24.0,7.0,Digital Wallet,4.0
2022-11-22,56-65,TX,Other,Middle,Organic,Home,Beds,Serta,Perfect Sleeper,878.0,750.0,1.0,1.41,878.0,15.0,113.0,Digital Wallet,4.0
2022-11-22,56-65,CA,Female,Low,Others,Home,Beds,Tempur-Pedic,Contour Elite,1818.0,1700.0,2.0,0.59,3635.0,25.0,210.0,Debit Card,4.0
2022-11-22,56-65,FL,Male,Middle,App,Home,Furniture,Ashley Furniture,Bed Frame,226.0,100.0,1.0,1.27,226.0,14.0,113.0,Debit Card,6.0
2022-11-22,56-65,PA,Female,Low,Organic,Home,Furniture,IKEA,Kallax Shelf,73.0,60.0,1.0,1.05,73.0,14.0,-1.0,Credit Card,4.0
2022-11-22,46-55,PA,Male,Middle,Organic,Home,Furniture,Ashley Furniture,Dining Table,317.0,200.0,2.0,1.53,633.0,24.0,209.0,BNPL,6.0
2022-11-22,56-65,TX,Female,Low,PPC,Home,Beds,Tempur-Pedic,Contour Elite,1865.0,1700.0,2.0,1.79,3729.0,27.0,302.0,Credit Card,4.0
2022-11-22,18-25,CA,Other,High,App,Electronics,Smartphones,Apple,iPhone 14,959.0,700.0,2.0,1.21,1918.0,11.0,507.0,Credit Card,2.0
2022-11-22,26-35,NC,Female,High,Affiliates,Home,Beds,Serta,iComfort,2226.0,1900.0,1.0,1.71,2226.0,19.0,307.0,BNPL,13.0
2022-11-22,56-65,CA,Male,Low,Organic,Electronics,Smartphones,Samsung,Galaxy S21,670.0,500.0,2.0,1.6,1341.0,11.0,330.0,Credit Card,3.0
2022-11-22,66+,CA,Female,Middle,App,Home,Beds,Tempur-Pedic,Cloud Supreme,1968.0,1800.0,1.0,1.63,1968.0,13.0,155.0,Credit Card,3.0
2022-11-22,66+,MI,Female,Middle,Organic,Home,Furniture,Ashley Furniture,Bed Frame,248.0,100.0,2.0,1.18,496.0,25.0,271.0,Credit Card,5.0
2022-11-22,26-35,PA,Other,Middle,Affiliates,Clothing,Jeans,Levis,Slim Fit,68.0,50.0,2.0,1.38,136.0,7.0,29.0,Credit Card,2.0
2022-11-22,56-65,NY,Other,Middle,Organic,Electronics,Smartphones,Apple,iPhone 15,1015.0,800.0,1.0,1.47,1015.0,11.0,204.0,Digital Wallet,3.0
2022-11-22,36-45,NC,Male,Middle,Others,Clothing,Jeans,Wrangler,Authentics,43.0,30.0,1.0,2.0,43.0,8.0,4.0,Digital Wallet,4.0
2022-11-22,56-65,CA,Male,Low,Organic,Electronics,Smartphones,Samsung,Galaxy A32,279.0,250.0,7.0,1.48,1955.0,36.0,169.0,Debit Card,5.0
2022-11-22,26-35,OH,Female,Middle,App,Home,Furniture,Ashley Furniture,Dining Table,342.0,200.0,14.0,0.57,4789.0,143.0,1846.0,Digital Wallet,12.0
2022-11-22,36-45,FL,Other,High,App,Electronics,Laptops,Dell,XPS,1477.0,1300.0,2.0,1.23,2954.0,20.0,334.0,Debit Card,4.0
2022-11-22,46-55,NY,Female,Middle,Others,Electronics,Smartphones,Apple,iPhone 15,1035.0,800.0,3.0,0.82,3106.0,21.0,685.0,Debit Card,4.0
2022-11-22,26-35,CA,Female,Low,App,Home,Furniture,Ashley Furniture,Dining Table,354.0,200.0,1.0,1.6,354.0,11.0,143.0,Credit Card,4.0
2022-11-22,18-25,NY,Male,High,Affiliates,Electronics,Smartphones,Apple,iPhone 15,1016.0,800.0,1.0,0.67,1016.0,11.0,205.0,Credit Card,4.0
2022-11-22,26-35,NY,Male,Middle,App,Beauty,Makeup,Maybelline,Fit Me Foundation,18.0,15.0,5.0,1.65,88.0,9.0,4.0,Credit Card,5.0
2022-11-22,18-25,TX,Female,Middle,Email,Home,Beds,Serta,Perfect Sleeper,890.0,750.0,15.0,1.62,13347.0,183.0,1914.0,Debit Card,11.0
2022-11-22,46-55,MI,Male,Low,Others,Home,Beds,Tempur-Pedic,Cloud Supreme,1968.0,1800.0,1.0,1.89,1968.0,17.0,151.0,Digital Wallet,7.0
2022-11-22,46-55,GA,Male,Middle,App,Electronics,Smartphones,Apple,iPhone 15,1007.0,800.0,3.0,1.33,3020.0,17.0,603.0,Digital Wallet,4.0
2022-11-22,26-35,NY,Female,Low,Organic,Electronics,Smartphones,Samsung,Galaxy S21,685.0,500.0,3.0,0.86,2054.0,21.0,534.0,Digital Wallet,6.0
2022-11-22,46-55,IL,Male,Low,Affiliates,Beauty,Makeup,Maybelline,Lash Sensational Mascara,15.0,10.0,4.0,1.86,59.0,7.0,12.0,Debit Card,4.0
2022-11-22,26-35,IL,Other,Middle,Email,Home,Beds,Serta,iComfort,2071.0,1900.0,2.0,0.61,4141.0,29.0,313.0,Debit Card,5.0
2022-11-22,18-25,PA,Male,Middle,PPC,Clothing,Jeans,Wrangler,Regular Fit,50.0,35.0,2.0,1.98,99.0,7.0,22.0,Digital Wallet,5.0
2022-11-22,18-25,CA,Female,Low,Organic,Clothing,T-Shirts,Nike,Sportswear,36.0,25.0,3.0,1.5,108.0,4.0,29.0,Debit Card,3.0
2022-11-22,18-25,MI,Female,Middle,Email,Home,Furniture,Ashley Furniture,Bed Frame,241.0,100.0,2.0,0.79,482.0,25.0,257.0,Debit Card,6.0
2022-11-22,26-35,NC,Female,Middle,Organic,Home,Beds,Serta,iComfort,2258.0,1900.0,2.0,1.88,4516.0,31.0,685.0,Digital Wallet,5.0
2022-11-22,36-45,MI,Female,High,App,Home,Furniture,IKEA,Kallax Shelf,72.0,60.0,1.0,0.93,72.0,15.0,-3.0,Debit Card,5.0
2022-11-22,36-45,CA,Female,Low,Organic,Home,Furniture,Ashley Furniture,Sofa,404.0,300.0,1.0,1.59,404.0,11.0,93.0,Digital Wallet,4.0
2022-11-22,36-45,FL,Other,Middle,PPC,Electronics,Smartphones,Samsung,Galaxy Z Fold 5,1689.0,1500.0,2.0,1.13,3377.0,14.0,364.0,Credit Card,4.0
2022-11-22,46-55,CA,Male,Middle,PPC,Home,Beds,Tempur-Pedic,Contour Elite,1730.0,1700.0,1.0,1.4,1730.0,13.0,17.0,BNPL,4.0
2022-11-22,46-55,FL,Female,Middle,Organic,Clothing,T-Shirts,Nike,Pro,43.0,30.0,5.0,1.98,217.0,10.0,57.0,Debit Card,5.0
2022-11-22,26-35,TX,Female,Middle,Organic,Electronics,Smartphones,Samsung,Galaxy S21,720.0,500.0,1.0,1.27,720.0,8.0,212.0,Debit Card,4.0
2022-11-22,66+,TX,Female,Middle,Affiliates,Electronics,Smartphones,Apple,iPhone 14,907.0,700.0,3.0,1.38,2721.0,18.0,603.0,Digital Wallet,5.0
2022-11-22,36-45,FL,Female,High,Email,Electronics,Laptops,HP,Envy,954.0,700.0,1.0,1.43,954.0,12.0,242.0,Credit Card,5.0
2022-11-22,36-45,CA,Female,Middle,Others,Home,Beds,Serta,Perfect Sleeper,875.0,750.0,2.0,0.57,1750.0,25.0,225.0,Digital Wallet,3.0
2022-11-22,46-55,TX,Other,High,Organic,Home,Beds,Serta,Perfect Sleeper,887.0,750.0,1.0,0.67,887.0,15.0,122.0,Digital Wallet,5.0
2022-11-22,66+,TX,Male,Low,Organic,Electronics,Smartphones,Samsung,Galaxy A32,344.0,250.0,3.0,0.61,1031.0,18.0,264.0,Debit Card,5.0
2022-11-22,26-35,FL,Male,High,Organic,Home,Beds,Tempur-Pedic,Cloud Supreme,1889.0,1800.0,7.0,1.25,13221.0,88.0,533.0,Credit Card,7.0
2022-11-22,36-45,MI,Other,Middle,Others,Clothing,T-Shirts,Adidas,Essentials,40.0,35.0,1.0,1.93,40.0,6.0,-1.0,Credit Card,4.0
2022-11-22,66+,IL,Female,High,Affiliates,Home,Furniture,IKEA,Billy Bookcase,129.0,100.0,2.0,1.04,257.0,25.0,33.0,Digital Wallet,5.0
2022-11-22,56-65,IL,Other,Middle,Affiliates,Electronics,Smartphones,Samsung,Galaxy Z Fold 5,1618.0,1500.0,4.0,1.63,6471.0,25.0,446.0,Digital Wallet,5.0
2022-11-22,26-35,MI,Male,Middle,Email,Electronics,Smartphones,Samsung,Galaxy A32,358.0,250.0,2.0,0.78,717.0,15.0,201.0,Debit Card,4.0
2022-11-22,36-45,TX,Female,Middle,PPC,Clothing,Jeans,Levis,501 Original,89.0,60.0,1.0,1.94,89.0,4.0,24.0,Debit Card,3.0
2022-11-22,18-25,NY,Male,Middle,Email,Beauty,Makeup,Maybelline,Lash Sensational Mascara,16.0,10.0,3.0,0.76,49.0,8.0,11.0,Debit Card,4.0
2022-11-22,66+,PA,Female,Middle,App,Clothing,Jeans,Levis,501 Original,74.0,60.0,3.0,1.73,223.0,9.0,35.0,Digital Wallet,4.0
2022-11-22,46-55,GA,Other,High,Organic,Clothing,Jeans,Wrangler,Authentics,48.0,30.0,2.0,0.96,96.0,5.0,31.0,Credit Card,4.0
2022-11-22,56-65,NC,Female,Middle,Email,Clothing,Jeans,Wrangler,Regular Fit,48.0,35.0,12.0,1.28,580.0,25.0,136.0,BNPL,9.0
2022-11-22,56-65,NY,Male,High,App,Home,Furniture,IKEA,Kallax Shelf,80.0,60.0,1.0,1.71,80.0,16.0,4.0,BNPL,4.0
2022-11-22,66+,FL,Female,High,Organic,Home,Furniture,IKEA,Kallax Shelf,71.0,60.0,1.0,1.56,71.0,14.0,-3.0,Credit Card,5.0
2022-11-22,18-25,CA,Female,Low,Affiliates,Home,Beds,Tempur-Pedic,Contour Elite,1839.0,1700.0,7.0,1.56,12874.0,85.0,889.0,Digital Wallet,7.0
2022-11-22,26-35,TX,Male,Middle,Organic,Beauty,Makeup,Maybelline,Fit Me Foundation,22.0,15.0,4.0,1.54,87.0,5.0,22.0,Digital Wallet,4.0
2022-11-22,56-65,NY,Female,Middle,Affiliates,Electronics,Smartphones,Apple,iPhone 15,1024.0,800.0,3.0,1.09,3071.0,21.0,651.0,Digital Wallet,4.0
2022-11-22,18-25,CA,Other,Middle,App,Beauty,Makeup,Maybelline,Fit Me Foundation,19.0,15.0,4.0,1.29,77.0,3.0,14.0,Digital Wallet,6.0
2022-11-22,66+,GA,Female,Middle,Organic,Electronics,Smartphones,Apple,iPhone SE,554.0,400.0,1.0,0.74,554.0,7.0,147.0,Debit Card,3.0
2022-11-22,36-45,MI,Female,Middle,PPC,Home,Beds,Tempur-Pedic,Cloud Supreme,2034.0,1800.0,2.0,0.82,4068.0,29.0,439.0,Debit Card,6.0
2022-11-22,56-65,CA,Male,High,App,Electronics,Laptops,Dell,XPS,1510.0,1300.0,2.0,0.64,3020.0,17.0,403.0,Credit Card,3.0
2022-11-22,66+,CA,Other,Middle,Others,Home,Beds,Tempur-Pedic,Cloud Supreme,1876.0,1800.0,2.0,1.66,3753.0,25.0,128.0,Digital Wallet,4.0
2022-11-22,18-25,TX,Female,Low,PPC,Electronics,Laptops,HP,Envy,932.0,700.0,1.0,1.49,932.0,11.0,222.0,Digital Wallet,5.0
2022-11-22,36-45,NY,Female,Low,Others,Clothing,T-Shirts,Nike,Sportswear,36.0,25.0,3.0,1.87,109.0,9.0,25.0,Debit Card,7.0
2022-11-22,46-55,NY,Female,Middle,Organic,Home,Furniture,Ashley Furniture,Sofa,462.0,300.0,1.0,1.5,462.0,16.0,146.0,Digital Wallet,5.0
2022-11-22,26-35,NY,Male,Middle,Organic,Electronics,Laptops,Apple Laptop,MacBook Pro M2,1233.0,1200.0,1.0,1.26,1233.0,14.0,19.0,Debit Card,4.0
2022-11-22,56-65,OH,Male,Middle,PPC,Electronics,Smartphones,Apple,iPhone 15,1042.0,800.0,1.0,1.32,1042.0,8.0,234.0,BNPL,5.0
2022-11-22,26-35,OH,Male,Middle,App,Clothing,T-Shirts,Nike,Sportswear,35.0,25.0,5.0,1.75,174.0,9.0,40.0,Digital Wallet,6.0
2022-11-22,36-45,FL,Male,Middle,App,Electronics,Laptops,Apple Laptop,MacBook Pro M2,1237.0,1200.0,2.0,1.1,2473.0,20.0,53.0,Digital Wallet,4.0
2022-11-22,36-45,CA,Female,Low,PPC,Clothing,Jeans,Wrangler,Regular Fit,55.0,35.0,3.0,1.26,165.0,5.0,55.0,Digital Wallet,2.0
2022-11-22,46-55,TX,Female,Middle,Organic,Electronics,Laptops,Apple Laptop,MacBook Pro M3,1671.0,1500.0,2.0,1.92,3342.0,19.0,323.0,Digital Wallet,6.0
2022-11-22,36-45,IL,Female,Middle,Organic,Electronics,Smartphones,Samsung,Galaxy Z Fold 5,1696.0,1500.0,3.0,1.37,5088.0,20.0,568.0,Credit Card,4.0
2022-11-22,36-45,CA,Male,Middle,Email,Electronics,Smartphones,Apple,iPhone 14,941.0,700.0,2.0,1.71,1882.0,11.0,471.0,Credit Card,2.0
2022-11-22,26-35,IL,Male,Middle,Organic,Beauty,Makeup,Maybelline,Lash Sensational Mascara,12.0,10.0,5.0,0.61,60.0,8.0,2.0,Digital Wallet,5.0
2022-11-22,66+,MI,Female,Low,Email,Home,Furniture,IKEA,Kallax Shelf,71.0,60.0,2.0,1.65,141.0,25.0,-4.0,Debit Card,5.0
2022-11-22,36-45,IL,Male,Low,Email,Beauty,Skincare,Neutrogena,Hydro Boost Gel,30.0,20.0,1.0,1.75,30.0,6.0,4.0,Credit Card,4.0
2022-11-22,18-25,NY,Female,Low,Affiliates,Beauty,Makeup,Revlon,ColorStay Lipstick,21.0,15.0,1.0,1.22,21.0,6.0,-1.0,Credit Card,3.0
2022-11-22,36-45,FL,Other,Middle,App,Home,Furniture,Ashley Furniture,Bed Frame,242.0,100.0,2.0,1.3,484.0,24.0,260.0,Digital Wallet,5.0
2022-11-22,56-65,NC,Female,High,App,Home,Furniture,IKEA,Kallax Shelf,79.0,60.0,1.0,0.62,79.0,17.0,3.0,Digital Wallet,6.0
2022-11-22,26-35,IL,Male,Middle,PPC,Beauty,Makeup,Revlon,ColorStay Lipstick,16.0,15.0,6.0,0.78,97.0,8.0,-1.0,Debit Card,6.0
2022-11-22,56-65,PA,Male,High,Affiliates,Home,Beds,Tempur-Pedic,Cloud Supreme,1875.0,1800.0,1.0,0.71,1875.0,16.0,59.0,Debit Card,4.0
2022-11-22,18-25,CA,Other,Middle,Others,Home,Furniture,IKEA,Billy Bookcase,152.0,100.0,1.0,1.34,152.0,11.0,42.0,Debit Card,4.0
2022-11-22,36-45,NY,Male,High,Organic,Electronics,Laptops,Dell,Inspiron,819.0,600.0,1.0,1.38,819.0,14.0,206.0,Debit Card,5.0
2022-11-22,56-65,NY,Male,Low,Organic,Clothing,Jeans,Levis,Slim Fit,66.0,50.0,2.0,0.88,133.0,9.0,24.0,Debit Card,6.0
2022-11-22,56-65,TX,Female,High,Email,Clothing,Jeans,Wrangler,Authentics,46.0,30.0,2.0,1.61,91.0,6.0,25.0,Digital Wallet,4.0
2022-11-22,18-25,TX,Other,Middle,App,Electronics,Laptops,Apple Laptop,MacBook Pro M3,1776.0,1500.0,1.0,1.35,1776.0,11.0,265.0,Credit Card,4.0
2022-11-22,26-35,TX,Female,Low,Others,Home,Furniture,IKEA,Kallax Shelf,62.0,60.0,2.0,1.41,124.0,23.0,-19.0,BNPL,5.0
2022-11-22,26-35,TX,Other,Middle,Organic,Electronics,Smartphones,Apple,iPhone 14,933.0,700.0,1.0,1.57,933.0,8.0,225.0,Digital Wallet,3.0
2022-11-22,18-25,GA,Female,Middle,PPC,Electronics,Laptops,Dell,XPS,1506.0,1300.0,2.0,1.24,3013.0,18.0,395.0,Debit Card,5.0
2022-11-22,26-35,TX,Other,High,Others,Home,Furniture,Ashley Furniture,Sofa,438.0,300.0,2.0,1.46,876.0,23.0,254.0,Credit Card,5.0
2022-11-22,26-35,FL,Female,Middle,PPC,Electronics,Smartphones,Samsung,Galaxy S21,807.0,500.0,1.0,1.63,807.0,9.0,298.0,Debit Card,3.0
2022-11-22,18-25,MI,Other,Middle,Affiliates,Electronics,Smartphones,Samsung,Galaxy Z Fold 5,1680.0,1500.0,13.0,0.86,21843.0,70.0,2273.0,Credit Card,10.0
2022-11-22,18-25,PA,Female,Low,App,Electronics,Smartphones,Apple,iPhone 15,1059.0,800.0,3.0,1.49,3177.0,19.0,758.0,Digital Wallet,4.0
2022-11-22,56-65,OH,Other,Middle,Organic,Beauty,Makeup,Maybelline,Lash Sensational Mascara,12.0,10.0,5.0,1.85,60.0,6.0,4.0,Credit Card,4.0
2022-11-22,18-25,GA,Female,High,Organic,Home,Furniture,IKEA,Kallax Shelf,72.0,60.0,1.0,1.03,72.0,12.0,-0.0,Digital Wallet,9.0
2022-11-22,56-65,FL,Female,High,Others,Home,Beds,Tempur-Pedic,Cloud Supreme,1892.0,1800.0,1.0,1.89,1892.0,16.0,77.0,Digital Wallet,6.0
2022-11-22,56-65,OH,Male,High,App,Electronics,Smartphones,Samsung,Galaxy A32,337.0,250.0,15.0,0.92,5049.0,78.0,1221.0,Digital Wallet,10.0
2022-11-22,26-35,FL,Female,Middle,App,Electronics,Smartphones,Apple,iPhone 15,1053.0,800.0,2.0,1.23,2106.0,14.0,492.0,Debit Card,4.0
2022-11-22,18-25,CA,Male,Middle,Email,Home,Furniture,IKEA,Kallax Shelf,52.0,60.0,1.0,0.62,52.0,11.0,-19.0,Digital Wallet,3.0
2022-11-22,36-45,NY,Female,Middle,Email,Home,Furniture,IKEA,Kallax Shelf,52.0,60.0,1.0,0.64,52.0,16.0,-23.0,Digital Wallet,5.0
2022-11-22,18-25,IL,Male,High,Affiliates,Electronics,Laptops,HP,Envy,869.0,700.0,2.0,1.16,1739.0,21.0,318.0,Credit Card,7.0
2022-11-22,66+,TX,Female,Middle,Organic,Home,Beds,Tempur-Pedic,Cloud Supreme,1980.0,1800.0,1.0,1.03,1980.0,15.0,165.0,Credit Card,4.0
2022-11-22,66+,TX,Male,Low,Organic,Electronics,Laptops,HP,Pavilion,719.0,600.0,2.0,1.99,1439.0,19.0,220.0,Digital Wallet,5.0
2022-11-22,18-25,IL,Other,High,Organic,Home,Furniture,IKEA,Kallax Shelf,60.0,60.0,1.0,1.85,60.0,15.0,-15.0,Credit Card,5.0
2022-11-22,46-55,TX,Female,Low,Organic,Home,Beds,Tempur-Pedic,Cloud Supreme,1959.0,1800.0,2.0,1.25,3919.0,27.0,292.0,Credit Card,5.0
2022-11-22,66+,CA,Other,Low,App,Home,Beds,Tempur-Pedic,Cloud Supreme,1976.0,1800.0,2.0,1.61,3952.0,25.0,327.0,Digital Wallet,3.0
2022-11-22,18-25,TX,Male,Middle,Organic,Electronics,Smartphones,Samsung,Galaxy S21,640.0,500.0,2.0,1.41,1280.0,13.0,267.0,Credit Card,3.0
2022-11-22,36-45,OH,Male,Low,PPC,Beauty,Skincare,Neutrogena,Rapid Wrinkle Repair,29.0,20.0,3.0,1.52,87.0,5.0,22.0,Credit Card,5.0
2022-11-22,26-35,TX,Male,Low,Organic,Electronics,Smartphones,Apple,iPhone 14,925.0,700.0,2.0,1.31,1850.0,13.0,437.0,BNPL,5.0
2022-11-22,46-55,MI,Other,Middle,Others,Home,Beds,Tempur-Pedic,Contour Elite,1844.0,1700.0,2.0,0.56,3688.0,29.0,259.0,BNPL,4.0
2022-11-22,36-45,PA,Other,Middle,Affiliates,Home,Beds,Tempur-Pedic,Contour Elite,1854.0,1700.0,2.0,1.26,3709.0,28.0,280.0,Credit Card,5.0
2022-11-22,66+,NY,Female,Middle,Affiliates,Beauty,Makeup,Revlon,PhotoReady Concealer,17.0,12.0,8.0,1.44,137.0,11.0,30.0,Digital Wallet,8.0
2022-11-22,36-45,NY,Male,Middle,Others,Electronics,Smartphones,Apple,iPhone SE,579.0,400.0,3.0,1.82,1736.0,21.0,515.0,Digital Wallet,7.0
2022-11-22,18-25,CA,Male,Middle,App,Clothing,Jeans,Wrangler,Authentics,44.0,30.0,3.0,1.1,133.0,5.0,38.0,Credit Card,3.0
2022-11-22,26-35,NY,Female,Middle,Others,Clothing,T-Shirts,Nike,Dry-FIT,26.0,20.0,4.0,1.64,102.0,11.0,12.0,Digital Wallet,6.0
2022-11-22,46-55,NY,Other,High,App,Electronics,Smartphones,Apple,iPhone 14,927.0,700.0,2.0,0.71,1854.0,16.0,438.0,BNPL,6.0
2022-11-22,26-35,IL,Other,Low,Affiliates,Home,Beds,Tempur-Pedic,Cloud Supreme,1924.0,1800.0,1.0,1.72,1924.0,17.0,108.0,Digital Wallet,2.0
2022-11-22,18-25,TX,Other,Middle,Organic,Clothing,Jeans,Levis,Bootcut,133.0,100.0,3.0,0.84,400.0,7.0,93.0,Digital Wallet,4.0
2022-11-22,26-35,OH,Male,High,Organic,Clothing,Jeans,Wrangler,Authentics,55.0,30.0,1.0,1.09,55.0,5.0,20.0,Credit Card,2.0
2022-11-22,26-35,NC,Female,Low,Others,Clothing,Jeans,Wrangler,Authentics,51.0,30.0,3.0,0.63,153.0,11.0,51.0,Digital Wallet,6.0
2022-11-22,26-35,NY,Male,Middle,Affiliates,Home,Beds,Serta,Perfect Sleeper,881.0,750.0,2.0,0.59,1762.0,30.0,233.0,Debit Card,6.0
2022-11-22,26-35,IL,Male,Middle,App,Home,Beds,Tempur-Pedic,Contour Elite,1790.0,1700.0,2.0,0.91,3580.0,29.0,151.0,BNPL,4.0
2022-11-22,36-45,CA,Female,Low,Affiliates,Home,Furniture,IKEA,Billy Bookcase,115.0,100.0,2.0,1.26,230.0,21.0,9.0,Debit Card,4.0
2022-11-22,26-35,TX,Male,Middle,Affiliates,Home,Furniture,IKEA,Kallax Shelf,67.0,60.0,2.0,1.65,135.0,23.0,-8.0,Debit Card,6.0
2022-11-22,36-45,NC,Male,Low,PPC,Home,Furniture,IKEA,Billy Bookcase,140.0,100.0,2.0,1.06,280.0,27.0,54.0,Debit Card,11.0
2022-11-22,26-35,FL,Male,Middle,Organic,Electronics,Smartphones,Samsung,Galaxy Z Fold 5,1681.0,1500.0,3.0,1.16,5042.0,19.0,524.0,Credit Card,4.0
2022-11-22,56-65,CA,Male,Middle,PPC,Beauty,Makeup,Revlon,ColorStay Lipstick,18.0,15.0,2.0,1.08,36.0,3.0,3.0,Credit Card,2.0
2022-11-22,46-55,PA,Female,Low,Organic,Electronics,Laptops,Apple Laptop,MacBook Pro M3,1700.0,1500.0,1.0,1.2,1700.0,12.0,187.0,Credit Card,3.0
2022-11-22,36-45,IL,Male,Middle,Organic,Home,Furniture,Ashley Furniture,Sofa,433.0,300.0,1.0,1.09,433.0,15.0,118.0,Credit Card,4.0
2022-11-22,26-35,NC,Female,Middle,PPC,Home,Beds,Tempur-Pedic,Contour Elite,1651.0,1700.0,2.0,1.46,3303.0,31.0,-128.0,Digital Wallet,5.0
2022-11-22,26-35,OH,Female,Middle,Affiliates,Clothing,T-Shirts,Adidas,Essentials,39.0,35.0,4.0,1.39,158.0,8.0,10.0,Debit Card,5.0
2022-11-22,26-35,FL,Male,Low,PPC,Clothing,T-Shirts,Nike,Sportswear,40.0,25.0,4.0,1.02,159.0,9.0,50.0,Credit Card,6.0
2022-11-22,56-65,NY,Male,Middle,Organic,Home,Beds,Serta,Perfect Sleeper,871.0,750.0,1.0,1.98,871.0,18.0,104.0,Credit Card,5.0
2022-11-22,66+,CA,Male,Low,App,Home,Beds,Tempur-Pedic,Cloud Supreme,1925.0,1800.0,2.0,1.75,3850.0,25.0,226.0,Credit Card,5.0
2022-11-22,46-55,FL,Male,Middle,Organic,Beauty,Skincare,Neutrogena,Rapid Wrinkle Repair,24.0,20.0,4.0,1.77,96.0,7.0,9.0,Debit Card,4.0
2022-11-22,26-35,TX,Female,Middle,App,Electronics,Smartphones,Apple,iPhone 14,954.0,700.0,1.0,1.88,954.0,8.0,246.0,Digital Wallet,3.0
2022-11-22,26-35,CA,Female,High,Affiliates,Beauty,Skincare,Neutrogena,Oil-Free Acne Wash,16.0,15.0,2.0,0.9,32.0,3.0,-1.0,Digital Wallet,3.0
2022-11-22,26-35,NC,Male,Middle,Email,Clothing,Jeans,Wrangler,Authentics,47.0,30.0,2.0,1.61,95.0,10.0,25.0,BNPL,4.0
2022-11-22,56-65,NY,Other,Middle,App,Home,Beds,Tempur-Pedic,Cloud Supreme,1868.0,1800.0,1.0,1.78,1868.0,18.0,50.0,Credit Card,4.0
2022-11-22,46-55,TX,Male,Low,Organic,Electronics,Smartphones,Apple,iPhone SE,570.0,400.0,1.0,0.55,570.0,8.0,162.0,Digital Wallet,2.0
2022-11-22,56-65,IL,Male,Middle,App,Home,Furniture,Ashley Furniture,Dining Table,338.0,200.0,1.0,1.62,338.0,15.0,123.0,BNPL,6.0
2022-11-22,46-55,FL,Male,Low,Email,Home,Furniture,IKEA,Billy Bookcase,110.0,100.0,1.0,1.35,110.0,14.0,-4.0,Debit Card,5.0
2022-11-22,56-65,CA,Female,Low,Organic,Electronics,Smartphones,Apple,iPhone SE,558.0,400.0,3.0,1.55,1674.0,16.0,458.0,Credit Card,19.0
2022-11-22,26-35,FL,Other,Middle,Others,Home,Furniture,Ashley Furniture,Dining Table,320.0,200.0,12.0,1.81,3845.0,124.0,1321.0,Credit Card,10.0
2022-11-22,36-45,OH,Other,Middle,App,Electronics,Laptops,Dell,Inspiron,788.0,600.0,2.0,1.15,1575.0,19.0,356.0,Credit Card,4.0
2022-11-22,18-25,TX,Female,High,App,Home,Furniture,IKEA,Billy Bookcase,121.0,100.0,2.0,1.54,241.0,23.0,19.0,Debit Card,6.0
2022-11-22,46-55,FL,Female,Low,Others,Electronics,Laptops,Apple Laptop,MacBook Pro M2,1327.0,1200.0,1.0,1.47,1327.0,12.0,115.0,Credit Card,4.0
2022-11-22,26-35,NC,Male,Middle,Affiliates,Home,Furniture,IKEA,Billy Bookcase,151.0,100.0,1.0,1.78,151.0,17.0,34.0,Credit Card,4.0
2022-11-22,18-25,NC,Other,Middle,Others,Electronics,Laptops,Dell,Inspiron,794.0,600.0,2.0,1.74,1587.0,23.0,364.0,Digital Wallet,4.0
2022-11-22,56-65,TX,Female,Low,App,Clothing,Jeans,Levis,501 Original,72.0,60.0,3.0,0.6,215.0,7.0,27.0,Credit Card,5.0
2022-11-22,36-45,MI,Female,Middle,App,Electronics,Laptops,Apple Laptop,MacBook Air M2,1114.0,1000.0,2.0,1.2,2229.0,21.0,207.0,Credit Card,5.0
2022-11-22,56-65,PA,Female,High,Affiliates,Beauty,Makeup,Revlon,PhotoReady Concealer,19.0,12.0,6.0,0.99,117.0,8.0,37.0,Digital Wallet,7.0
2022-11-22,56-65,MI,Other,Low,Affiliates,Clothing,Jeans,Levis,501 Original,73.0,60.0,3.0,1.22,220.0,10.0,30.0,Digital Wallet,4.0
2022-11-22,66+,CA,Other,Low,App,Home,Beds,Serta,Perfect Sleeper,878.0,750.0,2.0,1.32,1755.0,25.0,230.0,Credit Card,3.0
2022-11-22,26-35,CA,Female,Middle,PPC,Clothing,Jeans,Wrangler,Authentics,42.0,30.0,3.0,1.03,126.0,5.0,31.0,Debit Card,8.0
2022-11-22,36-45,MI,Male,Middle,App,Home,Furniture,IKEA,Kallax Shelf,71.0,60.0,2.0,1.09,142.0,25.0,-3.0,Debit Card,7.0
2022-11-22,36-45,CA,Other,Low,App,Electronics,Smartphones,Samsung,Galaxy Z Fold 5,1715.0,1500.0,1.0,0.57,1715.0,6.0,209.0,Debit Card,3.0
2022-11-22,56-65,FL,Female,High,Affiliates,Electronics,Smartphones,Samsung,Galaxy Z Fold 5,1693.0,1500.0,2.0,1.75,3386.0,14.0,372.0,Debit Card,5.0
2022-11-22,56-65,CA,Other,Middle,PPC,Home,Beds,Tempur-Pedic,Contour Elite,1874.0,1700.0,2.0,1.14,3748.0,25.0,323.0,Digital Wallet,4.0
2022-11-22,56-65,NC,Male,Low,Affiliates,Home,Furniture,IKEA,Billy Bookcase,114.0,100.0,1.0,0.75,114.0,17.0,-3.0,Debit Card,5.0
2022-11-22,66+,NY,Male,Middle,Organic,Home,Furniture,IKEA,Billy Bookcase,179.0,100.0,2.0,0.75,358.0,26.0,133.0,Digital Wallet,5.0
2022-11-22,18-25,TX,Male,Middle,Organic,Electronics,Smartphones,Apple,iPhone 15,1020.0,800.0,3.0,0.93,3059.0,18.0,641.0,Debit Card,4.0
2022-11-22,46-55,MI,Male,Middle,Email,Home,Furniture,IKEA,Billy Bookcase,120.0,100.0,1.0,0.87,120.0,15.0,5.0,Digital Wallet,5.0
2022-11-22,26-35,CA,Other,Middle,App,Beauty,Skincare,Neutrogena,Hydro Boost Gel,25.0,20.0,3.0,1.1,75.0,3.0,12.0,Digital Wallet,3.0
2022-11-22,36-45,IL,Other,Middle,Organic,Home,Beds,Tempur-Pedic,Contour Elite,1927.0,1700.0,2.0,0.89,3853.0,29.0,425.0,Debit Card,6.0
2022-11-22,26-35,CA,Male,Middle,Affiliates,Home,Furniture,IKEA,Billy Bookcase,160.0,100.0,1.0,1.45,160.0,11.0,49.0,Digital Wallet,4.0
2022-11-22,26-35,OH,Male,Middle,Others,Home,Furniture,IKEA,Kallax Shelf,54.0,60.0,6.0,0.69,327.0,63.0,-97.0,Digital Wallet,7.0
2022-11-22,36-45,OH,Female,Low,App,Beauty,Makeup,Maybelline,Fit Me Foundation,20.0,15.0,6.0,1.1,123.0,7.0,26.0,Credit Card,5.0
2022-11-22,36-45,NY,Male,Low,Affiliates,Electronics,Smartphones,Apple,iPhone SE,562.0,400.0,3.0,1.95,1685.0,21.0,464.0,BNPL,5.0
2022-11-22,46-55,OH,Female,High,Others,Home,Beds,Tempur-Pedic,Cloud Supreme,1907.0,1800.0,2.0,1.05,3814.0,27.0,187.0,Debit Card,4.0
2022-11-22,56-65,CA,Male,Middle,Email,Electronics,Smartphones,Samsung,Galaxy S21,719.0,500.0,1.0,1.13,719.0,6.0,213.0,Digital Wallet,2.0
2022-11-22,26-35,NC,Female,Low,Others,Beauty,Skincare,Neutrogena,Hydro Boost Gel,23.0,20.0,1.0,1.5,23.0,8.0,-4.0,Debit Card,5.0
2022-11-22,18-25,CA,Other,Low,App,Home,Beds,Tempur-Pedic,Cloud Supreme,1881.0,1800.0,1.0,1.98,1881.0,13.0,68.0,Credit Card,4.0
2022-11-22,56-65,CA,Female,Middle,Affiliates,Clothing,Jeans,Levis,Bootcut,108.0,100.0,3.0,0.74,323.0,5.0,17.0,Debit Card,3.0
2022-11-22,56-65,FL,Other,Low,Organic,Electronics,Smartphones,Apple,iPhone SE,567.0,400.0,3.0,1.88,1700.0,19.0,482.0,Digital Wallet,5.0
2022-11-22,66+,IL,Other,Middle,App,Beauty,Makeup,Maybelline,Lash Sensational Mascara,11.0,10.0,6.0,1.79,65.0,8.0,-4.0,Credit Card,6.0
2022-11-22,46-55,NY,Male,Middle,Email,Electronics,Smartphones,Samsung,Galaxy A32,350.0,250.0,3.0,0.97,1051.0,21.0,280.0,Credit Card,5.0
2022-11-22,26-35,PA,Female,Middle,App,Clothing,T-Shirts,Nike,Sportswear,38.0,25.0,1.0,0.98,38.0,6.0,7.0,Credit Card,4.0
2022-11-22,46-55,CA,Female,High,Affiliates,Electronics,Smartphones,Samsung,Galaxy S21,736.0,500.0,1.0,1.21,736.0,6.0,230.0,Digital Wallet,4.0
2022-11-22,56-65,FL,Female,Low,App,Clothing,Jeans,Wrangler,Authentics,37.0,30.0,1.0,0.84,37.0,5.0,2.0,Credit Card,3.0
2022-11-22,18-25,PA,Female,Middle,Others,Home,Furniture,IKEA,Kallax Shelf,70.0,60.0,1.0,1.82,70.0,14.0,-5.0,Debit Card,6.0
2022-11-22,56-65,MI,Male,Middle,Organic,Electronics,Laptops,Apple Laptop,MacBook Air M2,1305.0,1000.0,1.0,0.68,1305.0,13.0,291.0,Digital Wallet,5.0
2022-11-22,36-45,IL,Female,High,App,Beauty,Skincare,Neutrogena,Oil-Free Acne Wash,18.0,15.0,3.0,1.42,55.0,7.0,3.0,Credit Card,4.0
2022-11-22,26-35,TX,Other,Middle,Email,Electronics,Smartphones,Apple,iPhone 14,940.0,700.0,1.0,1.21,940.0,8.0,232.0,Credit Card,3.0
2022-11-22,18-25,CA,Male,Low,PPC,Home,Furniture,IKEA,Billy Bookcase,143.0,100.0,1.0,1.17,143.0,11.0,32.0,Credit Card,3.0
2022-11-22,36-45,PA,Female,Low,App,Home,Furniture,Ashley Furniture,Bed Frame,226.0,100.0,2.0,1.57,453.0,24.0,228.0,Credit Card,6.0
2022-11-22,56-65,NY,Female,High,Organic,Home,Beds,Serta,iComfort,2174.0,1900.0,1.0,0.85,2174.0,18.0,256.0,Digital Wallet,4.0
2022-11-22,18-25,NC,Female,Middle,Organic,Home,Furniture,IKEA,Billy Bookcase,158.0,100.0,2.0,0.74,316.0,27.0,89.0,Digital Wallet,7.0
2022-11-22,26-35,MI,Other,High,Others,Beauty,Makeup,Revlon,ColorStay Lipstick,17.0,15.0,6.0,1.7,101.0,9.0,2.0,BNPL,6.0
2022-11-22,18-25,PA,Female,Low,Others,Electronics,Smartphones,Apple,iPhone 15,1054.0,800.0,3.0,1.21,3162.0,19.0,743.0,Digital Wallet,4.0
2022-11-22,36-45,MI,Male,Middle,Email,Beauty,Makeup,Maybelline,Lash Sensational Mascara,17.0,10.0,6.0,0.79,101.0,9.0,32.0,Digital Wallet,6.0
2022-11-22,36-45,FL,Female,High,Others,Clothing,T-Shirts,Adidas,Performance,61.0,45.0,3.0,1.76,184.0,7.0,42.0,Credit Card,6.0
2022-11-22,18-25,TX,Female,Middle,PPC,Beauty,Makeup,Maybelline,Lash Sensational Mascara,14.0,10.0,4.0,0.54,56.0,5.0,11.0,BNPL,5.0
2022-11-22,36-45,OH,Female,Middle,App,Clothing,Jeans,Levis,Bootcut,111.0,100.0,3.0,1.37,334.0,8.0,26.0,Credit Card,4.0
2022-11-22,18-25,MI,Female,Middle,Others,Home,Furniture,IKEA,Kallax Shelf,72.0,60.0,1.0,1.47,72.0,15.0,-3.0,BNPL,4.0
2022-11-22,36-45,CA,Female,Middle,Others,Beauty,Makeup,Maybelline,Fit Me Foundation,17.0,15.0,5.0,1.53,84.0,4.0,5.0,Credit Card,4.0
2022-11-22,46-55,NY,Female,Middle,Affiliates,Home,Furniture,Ashley Furniture,Sofa,389.0,300.0,1.0,1.79,389.0,16.0,73.0,BNPL,4.0
2022-11-22,66+,CA,Male,Low,Affiliates,Electronics,Laptops,HP,Envy,842.0,700.0,2.0,0.53,1685.0,17.0,268.0,Debit Card,3.0
2022-11-22,26-35,OH,Other,Low,App,Beauty,Makeup,Maybelline,Lash Sensational Mascara,14.0,10.0,6.0,1.83,82.0,7.0,15.0,Digital Wallet,5.0
2022-11-22,18-25,CA,Male,Middle,Organic,Home,Furniture,IKEA,Billy Bookcase,122.0,100.0,1.0,1.33,122.0,11.0,11.0,Digital Wallet,4.0
2022-11-22,56-65,CA,Other,Middle,App,Home,Beds,Serta,Perfect Sleeper,878.0,750.0,1.0,0.71,878.0,13.0,115.0,Credit Card,3.0
2022-11-22,18-25,FL,Female,Low,Others,Home,Furniture,IKEA,Billy Bookcase,176.0,100.0,1.0,1.61,176.0,14.0,62.0,Digital Wallet,7.0
2022-11-22,26-35,FL,Other,Middle,Organic,Clothing,T-Shirts,Nike,Dry-FIT,28.0,20.0,2.0,1.25,57.0,6.0,11.0,Digital Wallet,4.0
2022-11-22,26-35,MI,Female,Middle,Organic,Home,Beds,Tempur-Pedic,Contour Elite,1820.0,1700.0,1.0,1.36,1820.0,17.0,102.0,Credit Card,4.0
2022-11-22,56-65,CA,Male,Middle,App,Clothing,Jeans,Wrangler,Authentics,52.0,30.0,1.0,0.84,52.0,3.0,19.0,Digital Wallet,3.0
2022-11-22,66+,PA,Male,High,Affiliates,Home,Beds,Tempur-Pedic,Contour Elite,1858.0,1700.0,2.0,1.84,3715.0,28.0,287.0,BNPL,5.0
2022-11-22,18-25,TX,Male,Low,App,Electronics,Smartphones,Apple,iPhone 14,940.0,700.0,3.0,1.71,2821.0,18.0,703.0,Digital Wallet,5.0
2022-11-22,36-45,FL,Male,Middle,Organic,Beauty,Skincare,Neutrogena,Oil-Free Acne Wash,17.0,15.0,2.0,0.96,33.0,5.0,-2.0,Digital Wallet,3.0
2022-11-22,36-45,NC,Female,High,Affiliates,Beauty,Skincare,Neutrogena,Rapid Wrinkle Repair,29.0,20.0,4.0,1.47,117.0,10.0,27.0,Credit Card,6.0
2022-11-22,56-65,CA,Other,High,Organic,Beauty,Makeup,Maybelline,Fit Me Foundation,18.0,15.0,4.0,1.53,70.0,3.0,7.0,Credit Card,4.0
2022-11-22,36-45,CA,Female,Low,Email,Home,Furniture,IKEA,Billy Bookcase,133.0,100.0,1.0,0.57,133.0,11.0,22.0,Debit Card,4.0
2022-11-22,26-35,TX,Other,Middle,Others,Beauty,Makeup,Maybelline,Lash Sensational Mascara,14.0,10.0,5.0,1.52,70.0,6.0,14.0,Credit Card,4.0
2022-11-22,66+,CA,Other,High,Others,Electronics,Laptops,Apple Laptop,MacBook Air M1,1014.0,900.0,2.0,0.94,2029.0,17.0,212.0,Debit Card,3.0
2022-11-22,56-65,PA,Female,Middle,App,Home,Furniture,IKEA,Billy Bookcase,99.0,100.0,2.0,1.0,198.0,24.0,-26.0,Credit Card,5.0
2022-11-22,26-35,FL,Female,Middle,Email,Electronics,Smartphones,Apple,iPhone 14,981.0,700.0,3.0,1.55,2944.0,19.0,825.0,Debit Card,12.0
2022-11-22,18-25,TX,Other,Middle,Organic,Home,Beds,Serta,iComfort,2074.0,1900.0,1.0,1.14,2074.0,15.0,159.0,Credit Card,4.0
2022-11-22,18-25,OH,Male,High,Affiliates,Home,Beds,Serta,iComfort,2094.0,1900.0,2.0,1.94,4188.0,27.0,361.0,Credit Card,5.0
2022-11-22,46-55,TX,Other,High,App,Beauty,Makeup,Revlon,PhotoReady Concealer,17.0,12.0,4.0,1.47,69.0,5.0,16.0,Debit Card,5.0
2022-11-22,18-25,NY,Male,Middle,App,Home,Beds,Serta,iComfort,2170.0,1900.0,1.0,1.93,2170.0,18.0,253.0,Debit Card,4.0
2022-11-22,26-35,TX,Male,Low,App,Electronics,Smartphones,Apple,iPhone SE,572.0,400.0,3.0,1.32,1717.0,18.0,499.0,Credit Card,6.0
2022-11-22,18-25,MI,Male,Middle,Email,Clothing,Jeans,Levis,501 Original,81.0,60.0,1.0,1.91,81.0,7.0,14.0,Digital Wallet,4.0
2022-11-22,18-25,TX,Female,Low,PPC,Home,Furniture,IKEA,Billy Bookcase,144.0,100.0,1.0,1.61,144.0,13.0,31.0,Credit Card,7.0
2022-11-22,66+,NY,Female,Middle,Organic,Clothing,Jeans,Wrangler,Authentics,45.0,30.0,3.0,1.36,134.0,10.0,34.0,Digital Wallet,5.0
2022-11-22,26-35,NY,Female,High,Organic,Home,Beds,Tempur-Pedic,Contour Elite,1674.0,1700.0,1.0,1.85,1674.0,18.0,-44.0,Debit Card,4.0
2022-11-22,36-45,NY,Female,Low,Email,Electronics,Smartphones,Apple,iPhone 14,942.0,700.0,3.0,1.11,2825.0,21.0,704.0,BNPL,5.0
2022-11-22,26-35,NY,Male,Low,Email,Electronics,Smartphones,Samsung,Galaxy S21,667.0,500.0,3.0,1.76,2001.0,21.0,481.0,Credit Card,5.0
2022-11-22,46-55,TX,Female,High,Others,Beauty,Makeup,Maybelline,Lash Sensational Mascara,12.0,10.0,1.0,1.79,12.0,3.0,-1.0,Credit Card,4.0
2022-11-22,18-25,IL,Female,Middle,PPC,Electronics,Laptops,Apple Laptop,MacBook Pro M2,1321.0,1200.0,1.0,1.45,1321.0,13.0,108.0,Credit Card,3.0
2022-11-22,56-65,FL,Male,High,Others,Electronics,Smartphones,Apple,iPhone 14,948.0,700.0,3.0,1.21,2844.0,19.0,725.0,Debit Card,5.0
2022-11-22,36-45,IL,Female,Middle,Organic,Electronics,Smartphones,Apple,iPhone 15,1034.0,800.0,1.0,1.5,1034.0,10.0,224.0,Debit Card,3.0
2022-11-22,36-45,TX,Female,High,App,Home,Furniture,IKEA,Billy Bookcase,124.0,100.0,2.0,0.77,249.0,23.0,26.0,BNPL,5.0
2022-11-22,18-25,OH,Other,Middle,Affiliates,Beauty,Skincare,Neutrogena,Hydro Boost Gel,22.0,20.0,2.0,1.3,43.0,5.0,-2.0,Credit Card,5.0
2022-11-22,26-35,NY,Other,High,Affiliates,Electronics,Laptops,Apple Laptop,MacBook Air M2,1241.0,1000.0,1.0,1.2,1241.0,14.0,227.0,Digital Wallet,5.0
2022-11-22,26-35,NC,Male,Middle,Others,Home,Beds,Serta,iComfort,2124.0,1900.0,2.0,0.6,4248.0,31.0,417.0,Credit Card,6.0
2022-11-22,46-55,OH,Other,Low,Affiliates,Beauty,Makeup,Maybelline,Fit Me Foundation,19.0,15.0,2.0,0.5,39.0,5.0,4.0,Debit Card,5.0
2022-11-22,36-45,PA,Male,High,Affiliates,Home,Beds,Serta,Perfect Sleeper,857.0,750.0,2.0,0.62,1713.0,28.0,185.0,Digital Wallet,5.0
2022-11-22,56-65,NY,Male,Low,Others,Electronics,Laptops,Dell,XPS,1379.0,1300.0,1.0,1.85,1379.0,14.0,65.0,Debit Card,4.0
2022-11-22,36-45,NC,Other,High,Others,Beauty,Skincare,Neutrogena,Rapid Wrinkle Repair,30.0,20.0,4.0,1.04,121.0,10.0,31.0,Credit Card,5.0
2022-11-22,26-35,TX,Male,Low,Others,Home,Beds,Serta,Perfect Sleeper,881.0,750.0,2.0,0.7,1763.0,27.0,236.0,Digital Wallet,5.0
2022-11-22,26-35,FL,Other,Low,Organic,Home,Furniture,IKEA,Billy Bookcase,146.0,100.0,1.0,1.77,146.0,14.0,32.0,BNPL,5.0
2022-11-22,46-55,CA,Male,Middle,Email,Electronics,Laptops,Apple Laptop,MacBook Pro M3,1802.0,1500.0,2.0,0.55,3603.0,17.0,586.0,Credit Card,3.0
2022-11-22,18-25,CA,Other,Middle,Affiliates,Electronics,Smartphones,Apple,iPhone 14,889.0,700.0,1.0,1.67,889.0,6.0,183.0,Digital Wallet,3.0
2022-11-22,56-65,FL,Male,Middle,App,Electronics,Smartphones,Apple,iPhone SE,569.0,400.0,1.0,1.21,569.0,9.0,160.0,BNPL,4.0
2022-11-22,18-25,IL,Other,Low,App,Home,Beds,Tempur-Pedic,Cloud Supreme,1937.0,1800.0,2.0,1.99,3873.0,29.0,244.0,Credit Card,7.0
2022-11-22,56-65,GA,Male,High,App,Electronics,Laptops,HP,Pavilion,766.0,600.0,2.0,1.54,1533.0,18.0,315.0,Debit Card,4.0
2022-11-22,56-65,NY,Female,Middle,Others,Electronics,Smartphones,Samsung,Galaxy A32,304.0,250.0,1.0,1.66,304.0,11.0,43.0,Digital Wallet,4.0
2022-11-22,36-45,IL,Male,Middle,App,Electronics,Smartphones,Samsung,Galaxy S21,700.0,500.0,3.0,1.03,2101.0,20.0,582.0,Digital Wallet,4.0
2022-11-22,18-25,CA,Other,Low,App,Electronics,Smartphones,Samsung,Galaxy S21,680.0,500.0,1.0,1.19,680.0,6.0,175.0,Credit Card,2.0
2022-11-22,46-55,TX,Male,Middle,Email,Clothing,Jeans,Levis,Slim Fit,60.0,50.0,1.0,1.71,60.0,4.0,6.0,Credit Card,2.0
2022-11-22,26-35,TX,Male,High,Others,Clothing,T-Shirts,Adidas,Performance,77.0,45.0,1.0,1.6,77.0,4.0,28.0,Credit Card,5.0
2022-11-22,26-35,NY,Male,Middle,Organic,Electronics,Smartphones,Samsung,Galaxy A32,333.0,250.0,1.0,0.76,333.0,11.0,72.0,Digital Wallet,4.0
2022-11-22,36-45,FL,Female,Low,Organic,Home,Beds,Serta,iComfort,2035.0,1900.0,1.0,1.85,2035.0,16.0,119.0,BNPL,4.0
2022-11-22,56-65,TX,Other,Middle,Organic,Home,Furniture,IKEA,Billy Bookcase,115.0,100.0,1.0,1.62,115.0,13.0,2.0,Digital Wallet,3.0
2022-11-22,26-35,NY,Female,Middle,App,Beauty,Makeup,Maybelline,Lash Sensational Mascara,14.0,10.0,3.0,1.12,41.0,8.0,3.0,Debit Card,5.0
2022-11-22,66+,CA,Female,High,App,Clothing,Jeans,Wrangler,Regular Fit,60.0,35.0,3.0,1.37,181.0,5.0,71.0,Credit Card,3.0
2022-11-22,26-35,IL,Male,Middle,Others,Electronics,Smartphones,Samsung,Galaxy S21,700.0,500.0,1.0,0.71,700.0,10.0,190.0,Digital Wallet,5.0
2022-11-22,26-35,OH,Other,Middle,Organic,Clothing,Jeans,Wrangler,Regular Fit,65.0,35.0,1.0,0.62,65.0,5.0,25.0,Debit Card,4.0
2022-11-22,26-35,PA,Male,High,Others,Clothing,Jeans,Levis,501 Original,89.0,60.0,3.0,0.53,266.0,9.0,77.0,Credit Card,5.0
2022-11-22,18-25,IL,Female,Middle,Organic,Home,Beds,Serta,iComfort,2214.0,1900.0,2.0,1.52,4429.0,29.0,600.0,Credit Card,6.0
2022-11-22,26-35,PA,Male,Middle,Affiliates,Electronics,Smartphones,Apple,iPhone 15,1009.0,800.0,1.0,0.58,1009.0,9.0,200.0,Debit Card,3.0
2022-11-22,46-55,FL,Other,Low,Organic,Home,Furniture,IKEA,Kallax Shelf,76.0,60.0,1.0,0.53,76.0,14.0,2.0,BNPL,3.0
2022-11-22,26-35,MI,Female,High,Others,Beauty,Skincare,Neutrogena,Hydro Boost Gel,21.0,20.0,4.0,1.24,84.0,8.0,-4.0,Credit Card,6.0
2022-11-22,18-25,FL,Male,Middle,App,Home,Furniture,IKEA,Billy Bookcase,131.0,100.0,1.0,0.94,131.0,14.0,17.0,Digital Wallet,6.0
2022-11-22,56-65,NY,Female,Middle,Organic,Electronics,Laptops,Apple Laptop,MacBook Air M2,1166.0,1000.0,1.0,1.81,1166.0,14.0,152.0,Credit Card,12.0
2022-11-22,56-65,CA,Other,Middle,Organic,Home,Furniture,IKEA,Billy Bookcase,168.0,100.0,2.0,1.64,336.0,21.0,115.0,Debit Card,5.0
2022-11-22,18-25,TX,Female,Middle,Affiliates,Home,Furniture,Ashley Furniture,Sofa,408.0,300.0,1.0,1.61,408.0,13.0,95.0,Credit Card,5.0
2022-11-22,18-25,IL,Other,High,Affiliates,Electronics,Smartphones,Apple,iPhone 15,988.0,800.0,2.0,0.83,1976.0,15.0,361.0,Digital Wallet,4.0
2022-11-22,36-45,PA,Female,Middle,Others,Beauty,Makeup,Revlon,PhotoReady Concealer,19.0,12.0,2.0,1.43,38.0,6.0,8.0,Credit Card,5.0
2022-11-22,18-25,MI,Male,Middle,App,Electronics,Smartphones,Samsung,Galaxy S21,626.0,500.0,3.0,0.51,1877.0,20.0,357.0,Credit Card,5.0
2022-11-22,56-65,NC,Other,Middle,Others,Electronics,Smartphones,Samsung,Galaxy A32,324.0,250.0,1.0,1.3,324.0,12.0,62.0,Credit Card,4.0
2022-11-22,26-35,NY,Other,Low,App,Electronics,Laptops,Apple Laptop,MacBook Air M2,1217.0,1000.0,2.0,1.05,2434.0,22.0,412.0,Debit Card,6.0
2022-11-22,36-45,CA,Female,High,Others,Electronics,Smartphones,Samsung,Galaxy A32,353.0,250.0,1.0,1.59,353.0,6.0,97.0,Credit Card,2.0
2022-11-22,36-45,NY,Female,Low,PPC,Clothing,Jeans,Wrangler,Regular Fit,53.0,35.0,2.0,1.33,106.0,9.0,27.0,BNPL,5.0
2022-11-22,36-45,GA,Male,Middle,Affiliates,Electronics,Smartphones,Samsung,Galaxy S21,737.0,500.0,1.0,1.79,737.0,7.0,230.0,Debit Card,4.0
2022-11-22,46-55,OH,Female,High,App,Electronics,Smartphones,Apple,iPhone 15,1039.0,800.0,2.0,0.73,2079.0,13.0,466.0,Digital Wallet,4.0
2022-11-22,26-35,NC,Male,Middle,App,Home,Beds,Serta,iComfort,2060.0,1900.0,2.0,1.98,4119.0,31.0,289.0,Digital Wallet,5.0
2022-11-22,36-45,PA,Female,Middle,Affiliates,Home,Furniture,IKEA,Billy Bookcase,134.0,100.0,1.0,1.6,134.0,14.0,20.0,Debit Card,2.0
2022-11-22,18-25,CA,Male,High,Organic,Electronics,Smartphones,Apple,iPhone 14,925.0,700.0,2.0,1.97,1850.0,11.0,439.0,Credit Card,4.0
2022-11-22,46-55,FL,Female,Middle,Affiliates,Electronics,Laptops,Apple Laptop,MacBook Pro M3,1656.0,1500.0,2.0,0.7,3311.0,20.0,291.0,Digital Wallet,4.0
2022-11-22,56-65,TX,Other,Middle,Organic,Home,Beds,Tempur-Pedic,Cloud Supreme,1908.0,1800.0,2.0,1.96,3817.0,27.0,190.0,Debit Card,6.0
2022-11-22,26-35,MI,Other,Low,App,Beauty,Makeup,Maybelline,Fit Me Foundation,19.0,15.0,3.0,0.95,58.0,7.0,6.0,Credit Card,5.0
2022-11-22,26-35,TX,Male,Low,App,Electronics,Smartphones,Apple,iPhone 14,913.0,700.0,3.0,0.77,2738.0,18.0,620.0,Credit Card,5.0
2022-11-22,36-45,OH,Other,Middle,Others,Home,Furniture,IKEA,Kallax Shelf,72.0,60.0,2.0,1.0,143.0,23.0,-0.0,Debit Card,4.0
2022-11-22,18-25,NY,Female,High,Organic,Home,Furniture,Ashley Furniture,Sofa,436.0,300.0,1.0,1.35,436.0,16.0,120.0,Credit Card,4.0
2022-11-22,36-45,PA,Male,Low,App,Home,Furniture,IKEA,Kallax Shelf,69.0,60.0,2.0,1.8,138.0,24.0,-6.0,Debit Card,5.0
2022-11-22,26-35,FL,Other,Middle,Organic,Home,Beds,Serta,iComfort,2016.0,1900.0,2.0,1.82,4031.0,28.0,203.0,Debit Card,5.0
2022-11-22,18-25,TX,Female,Low,App,Beauty,Skincare,Neutrogena,Hydro Boost Gel,20.0,20.0,4.0,1.57,79.0,6.0,-6.0,Debit Card,4.0
2022-11-22,66+,OH,Other,Middle,App,Home,Beds,Serta,iComfort,2009.0,1900.0,2.0,1.6,4017.0,27.0,190.0,Credit Card,4.0
2022-11-22,26-35,CA,Other,Middle,Others,Clothing,T-Shirts,Nike,Dry-FIT,33.0,20.0,3.0,1.12,98.0,4.0,33.0,Debit Card,4.0
2022-11-22,36-45,NC,Male,Middle,App,Clothing,Jeans,Wrangler,Authentics,54.0,30.0,2.0,1.98,109.0,10.0,39.0,Digital Wallet,4.0
2022-11-22,46-55,IL,Male,High,App,Electronics,Smartphones,Samsung,Galaxy A32,295.0,250.0,1.0,1.11,295.0,10.0,36.0,BNPL,4.0
2022-11-22,56-65,IL,Female,Low,Email,Clothing,Jeans,Levis,Slim Fit,68.0,50.0,1.0,1.25,68.0,6.0,12.0,Debit Card,4.0
2022-11-22,56-65,PA,Male,Middle,Organic,Electronics,Smartphones,Samsung,Galaxy Z Fold 5,1732.0,1500.0,3.0,1.24,5195.0,19.0,676.0,Digital Wallet,4.0
2022-11-22,56-65,GA,Male,Low,Affiliates,Home,Furniture,IKEA,Billy Bookcase,168.0,100.0,7.0,1.73,1178.0,72.0,406.0,Digital Wallet,9.0
2022-11-22,26-35,NC,Male,Middle,Affiliates,Clothing,Jeans,Levis,501 Original,76.0,60.0,1.0,1.24,76.0,8.0,8.0,Digital Wallet,6.0
2022-11-22,26-35,PA,Female,Middle,Organic,Clothing,Jeans,Wrangler,Regular Fit,61.0,35.0,1.0,1.71,61.0,6.0,20.0,Debit Card,2.0
2022-11-22,56-65,MI,Other,Low,Affiliates,Beauty,Makeup,Revlon,PhotoReady Concealer,18.0,12.0,3.0,1.25,53.0,7.0,10.0,Digital Wallet,7.0
2022-11-22,18-25,IL,Other,Low,Email,Home,Furniture,IKEA,Billy Bookcase,135.0,100.0,2.0,1.31,271.0,25.0,46.0,Debit Card,6.0
2022-11-22,36-45,NC,Female,Middle,App,Home,Furniture,Ashley Furniture,Bed Frame,207.0,100.0,1.0,1.62,207.0,17.0,90.0,Digital Wallet,5.0
2022-11-22,46-55,IL,Female,Middle,Organic,Clothing,T-Shirts,Adidas,Performance,74.0,45.0,2.0,1.31,147.0,7.0,50.0,Digital Wallet,5.0
2022-11-22,18-25,MI,Male,Middle,App,Electronics,Smartphones,Apple,iPhone 15,1012.0,800.0,9.0,1.99,9105.0,50.0,1855.0,Debit Card,8.0
2022-11-22,26-35,MI,Female,Middle,Others,Home,Furniture,IKEA,Billy Bookcase,100.0,100.0,1.0,1.56,100.0,15.0,-15.0,Digital Wallet,5.0
2022-11-22,36-45,NC,Other,Middle,Affiliates,Electronics,Smartphones,Samsung,Galaxy Z Fold 5,1744.0,1500.0,2.0,0.95,3488.0,17.0,471.0,Credit Card,7.0
2022-11-22,46-55,NY,Female,Low,Organic,Electronics,Laptops,HP,Envy,876.0,700.0,1.0,1.67,876.0,14.0,162.0,Debit Card,5.0
2022-11-22,66+,IL,Other,Low,Organic,Home,Beds,Tempur-Pedic,Contour Elite,1883.0,1700.0,1.0,0.86,1883.0,17.0,166.0,Digital Wallet,4.0
2022-11-22,36-45,NC,Female,High,Email,Home,Furniture,IKEA,Billy Bookcase,150.0,100.0,1.0,2.0,150.0,17.0,33.0,Credit Card,5.0
2022-11-22,26-35,FL,Female,Low,App,Home,Furniture,Ashley Furniture,Bed Frame,244.0,100.0,2.0,0.58,487.0,24.0,264.0,Credit Card,4.0
2022-11-22,66+,IL,Male,Middle,Others,Home,Furniture,IKEA,Kallax Shelf,69.0,60.0,1.0,1.72,69.0,15.0,-6.0,Credit Card,5.0
2022-11-22,26-35,CA,Female,Low,App,Home,Furniture,IKEA,Kallax Shelf,85.0,60.0,2.0,0.98,170.0,21.0,29.0,Credit Card,5.0
2022-11-22,26-35,PA,Female,Middle,Others,Home,Furniture,Ashley Furniture,Dining Table,315.0,200.0,1.0,1.41,315.0,14.0,101.0,Digital Wallet,6.0
2022-11-22,46-55,CA,Male,Middle,PPC,Home,Furniture,IKEA,Billy Bookcase,115.0,100.0,11.0,1.72,1260.0,111.0,49.0,Digital Wallet,9.0
2022-11-22,26-35,FL,Female,High,Affiliates,Home,Beds,Serta,Perfect Sleeper,863.0,750.0,2.0,1.66,1726.0,28.0,198.0,Digital Wallet,5.0
2022-11-22,18-25,TX,Male,High,Organic,Electronics,Smartphones,Apple,iPhone 14,920.0,700.0,1.0,1.54,920.0,8.0,212.0,Credit Card,3.0
2022-11-22,56-65,TX,Female,Low,App,Clothing,Jeans,Levis,Bootcut,118.0,100.0,1.0,0.6,118.0,4.0,13.0,Debit Card,3.0
2022-11-22,26-35,CA,Male,High,Affiliates,Beauty,Skincare,Neutrogena,Oil-Free Acne Wash,21.0,15.0,3.0,0.89,64.0,3.0,16.0,Digital Wallet,3.0
2022-11-22,66+,OH,Other,Middle,App,Electronics,Laptops,HP,Envy,870.0,700.0,2.0,1.73,1739.0,19.0,320.0,BNPL,4.0
2022-11-22,56-65,IL,Female,High,Affiliates,Electronics,Smartphones,Samsung,Galaxy A32,359.0,250.0,2.0,1.16,718.0,15.0,203.0,Digital Wallet,4.0
2022-11-22,36-45,FL,Female,Low,Organic,Clothing,Jeans,Wrangler,Authentics,42.0,30.0,2.0,1.35,83.0,7.0,16.0,Debit Card,3.0
2022-11-22,46-55,NY,Female,Low,Others,Beauty,Makeup,Maybelline,Lash Sensational Mascara,15.0,10.0,2.0,0.58,29.0,7.0,2.0,Credit Card,4.0
2022-11-22,26-35,CA,Female,Middle,App,Clothing,T-Shirts,Adidas,Performance,61.0,45.0,2.0,1.85,123.0,3.0,30.0,Digital Wallet,3.0
2022-11-22,26-35,PA,Male,Low,Organic,Home,Beds,Serta,Perfect Sleeper,879.0,750.0,2.0,0.85,1757.0,28.0,229.0,Digital Wallet,3.0
2022-11-22,26-35,MI,Male,Low,PPC,Clothing,Jeans,Wrangler,Regular Fit,54.0,35.0,2.0,1.66,109.0,8.0,31.0,Credit Card,3.0
2022-11-22,26-35,CA,Male,Middle,Affiliates,Home,Furniture,IKEA,Kallax Shelf,53.0,60.0,1.0,1.4,53.0,11.0,-18.0,Digital Wallet,4.0
2022-11-22,18-25,NC,Female,Middle,App,Home,Beds,Serta,iComfort,2173.0,1900.0,2.0,0.6,4347.0,31.0,516.0,Digital Wallet,4.0
2022-11-22,46-55,IL,Male,Low,Organic,Beauty,Makeup,Maybelline,Lash Sensational Mascara,16.0,10.0,5.0,1.21,81.0,8.0,23.0,Debit Card,6.0
2022-11-22,26-35,PA,Other,High,Affiliates,Electronics,Smartphones,Samsung,Galaxy S21,696.0,500.0,1.0,1.75,696.0,9.0,186.0,Debit Card,5.0
2022-11-22,56-65,MI,Female,Middle,App,Beauty,Skincare,Neutrogena,Hydro Boost Gel,24.0,20.0,3.0,1.74,73.0,7.0,6.0,BNPL,4.0
2022-11-22,56-65,FL,Other,Middle,Email,Electronics,Smartphones,Samsung,Galaxy S21,686.0,500.0,11.0,1.15,7550.0,59.0,1991.0,Digital Wallet,8.0
2022-11-22,26-35,OH,Other,Low,Affiliates,Home,Beds,Tempur-Pedic,Contour Elite,1761.0,1700.0,1.0,0.67,1761.0,15.0,45.0,Debit Card,9.0
2022-11-22,66+,TX,Male,Middle,Organic,Home,Beds,Tempur-Pedic,Cloud Supreme,1899.0,1800.0,2.0,1.18,3798.0,27.0,171.0,Credit Card,5.0
2022-11-22,66+,FL,Male,High,Others,Home,Beds,Serta,Perfect Sleeper,880.0,750.0,2.0,1.3,1760.0,28.0,232.0,BNPL,6.0
2022-11-22,26-35,TX,Female,Low,Affiliates,Clothing,T-Shirts,Nike,Pro,51.0,30.0,4.0,0.65,203.0,8.0,76.0,Credit Card,4.0
2022-11-22,36-45,IL,Female,High,App,Home,Beds,Tempur-Pedic,Contour Elite,1671.0,1700.0,2.0,1.79,3343.0,29.0,-86.0,BNPL,6.0
2022-11-22,66+,MI,Other,Middle,Email,Beauty,Makeup,Maybelline,Fit Me Foundation,20.0,15.0,2.0,1.55,40.0,6.0,3.0,Credit Card,3.0
2022-11-22,66+,OH,Other,High,Others,Home,Beds,Tempur-Pedic,Cloud Supreme,1915.0,1800.0,1.0,1.59,1915.0,15.0,100.0,Credit Card,4.0
2022-11-22,46-55,TX,Male,Low,Organic,Home,Furniture,Ashley Furniture,Bed Frame,237.0,100.0,1.0,1.14,237.0,13.0,124.0,Digital Wallet,4.0
2022-11-22,36-45,CA,Male,Low,Email,Home,Beds,Tempur-Pedic,Cloud Supreme,1935.0,1800.0,2.0,0.78,3869.0,25.0,245.0,Credit Card,4.0
2022-11-22,36-45,TX,Female,Middle,Organic,Home,Furniture,IKEA,Kallax Shelf,71.0,60.0,2.0,0.58,141.0,23.0,-2.0,Debit Card,4.0
2022-11-22,56-65,CA,Other,Middle,Email,Electronics,Smartphones,Samsung,Galaxy Z Fold 5,1668.0,1500.0,3.0,1.51,5005.0,16.0,489.0,Credit Card,3.0
2022-11-22,46-55,PA,Male,Middle,Organic,Home,Furniture,IKEA,Billy Bookcase,102.0,100.0,2.0,0.9,204.0,24.0,-20.0,Debit Card,5.0
2022-11-22,26-35,CA,Male,Middle,Organic,Electronics,Smartphones,Apple,iPhone 15,1024.0,800.0,2.0,1.65,2047.0,11.0,436.0,Debit Card,4.0
2022-11-22,18-25,NC,Female,Low,App,Home,Furniture,IKEA,Kallax Shelf,55.0,60.0,1.0,0.94,55.0,17.0,-22.0,Digital Wallet,5.0
2022-11-22,46-55,PA,Male,Low,Affiliates,Home,Furniture,IKEA,Billy Bookcase,165.0,100.0,2.0,0.57,330.0,24.0,106.0,BNPL,6.0
2022-11-22,56-65,TX,Female,High,Organic,Electronics,Smartphones,Samsung,Galaxy A32,358.0,250.0,2.0,1.26,717.0,13.0,204.0,Debit Card,5.0
2022-11-22,26-35,FL,Female,High,Affiliates,Electronics,Smartphones,Apple,iPhone 14,961.0,700.0,3.0,0.82,2883.0,19.0,764.0,BNPL,5.0
2022-11-22,18-25,TX,Female,High,PPC,Electronics,Laptops,Dell,XPS,1413.0,1300.0,1.0,1.79,1413.0,11.0,102.0,Digital Wallet,4.0
2022-11-22,56-65,GA,Female,High,Email,Beauty,Skincare,Neutrogena,Rapid Wrinkle Repair,27.0,20.0,1.0,1.39,27.0,3.0,4.0,Credit Card,4.0
2022-11-22,66+,CA,Male,Low,Affiliates,Home,Furniture,Ashley Furniture,Dining Table,332.0,200.0,2.0,1.42,664.0,21.0,243.0,Debit Card,5.0
2022-11-22,18-25,MI,Female,Middle,App,Home,Beds,Tempur-Pedic,Contour Elite,1741.0,1700.0,2.0,0.91,3481.0,29.0,52.0,Digital Wallet,5.0
2022-11-22,46-55,NC,Male,Low,Organic,Electronics,Smartphones,Apple,iPhone 14,913.0,700.0,3.0,0.82,2738.0,22.0,616.0,Digital Wallet,2.0
2022-11-22,18-25,TX,Female,Middle,App,Electronics,Smartphones,Apple,iPhone 14,906.0,700.0,1.0,0.91,906.0,8.0,198.0,Credit Card,4.0
2022-11-22,66+,TX,Female,Middle,Organic,Electronics,Smartphones,Apple,iPhone 15,1097.0,800.0,1.0,0.57,1097.0,8.0,290.0,Debit Card,3.0
2022-11-22,56-65,TX,Male,Low,Others,Clothing,Jeans,Levis,501 Original,76.0,60.0,2.0,1.03,151.0,6.0,26.0,Digital Wallet,3.0
2022-11-22,26-35,PA,Female,Middle,PPC,Electronics,Laptops,Apple Laptop,MacBook Air M2,1240.0,1000.0,2.0,0.98,2481.0,20.0,460.0,Debit Card,5.0
2022-11-22,26-35,GA,Other,Low,App,Electronics,Laptops,HP,Envy,905.0,700.0,1.0,1.05,905.0,10.0,195.0,Debit Card,12.0
2022-11-22,56-65,NY,Male,High,Affiliates,Clothing,Jeans,Wrangler,Regular Fit,53.0,35.0,3.0,1.41,159.0,10.0,44.0,Debit Card,5.0
2022-11-22,26-35,NY,Male,Middle,Affiliates,Home,Furniture,IKEA,Kallax Shelf,73.0,60.0,1.0,1.75,73.0,16.0,-3.0,Credit Card,4.0
2022-11-22,46-55,IL,Female,Middle,PPC,Electronics,Laptops,HP,Pavilion,819.0,600.0,1.0,1.12,819.0,13.0,207.0,Digital Wallet,3.0
2022-11-22,46-55,IL,Female,Middle,App,Home,Beds,Serta,iComfort,2333.0,1900.0,2.0,1.14,4666.0,29.0,838.0,Debit Card,5.0
2022-11-22,36-45,CA,Male,Middle,Affiliates,Electronics,Smartphones,Apple,iPhone SE,532.0,400.0,14.0,1.86,7451.0,71.0,1780.0,Credit Card,10.0
2022-11-22,66+,OH,Female,Low,Others,Electronics,Smartphones,Samsung,Galaxy S21,726.0,500.0,3.0,0.64,2177.0,18.0,659.0,Credit Card,4.0
2022-11-22,26-35,CA,Female,Low,PPC,Electronics,Smartphones,Apple,iPhone SE,568.0,400.0,1.0,1.73,568.0,6.0,162.0,Credit Card,3.0
2022-11-22,56-65,OH,Other,Middle,App,Clothing,T-Shirts,Nike,Pro,51.0,30.0,2.0,1.69,102.0,6.0,36.0,Debit Card,3.0
2022-11-22,66+,GA,Male,Low,Affiliates,Home,Furniture,Ashley Furniture,Dining Table,354.0,200.0,1.0,1.46,354.0,12.0,142.0,Credit Card,5.0
2022-11-22,66+,NY,Female,Middle,Organic,Beauty,Makeup,Revlon,PhotoReady Concealer,17.0,12.0,4.0,0.51,67.0,8.0,11.0,Credit Card,7.0
2022-11-22,26-35,PA,Other,Middle,Organic,Home,Beds,Tempur-Pedic,Cloud Supreme,1901.0,1800.0,2.0,1.25,3801.0,28.0,173.0,Credit Card,8.0
2022-11-22,46-55,CA,Female,Middle,Email,Beauty,Skincare,Neutrogena,Oil-Free Acne Wash,21.0,15.0,2.0,1.92,41.0,3.0,8.0,Debit Card,2.0
2022-11-22,26-35,CA,Other,Low,Organic,Home,Furniture,IKEA,Kallax Shelf,63.0,60.0,1.0,1.07,63.0,11.0,-8.0,Debit Card,3.0
2022-11-22,56-65,NY,Female,Middle,Email,Home,Furniture,IKEA,Kallax Shelf,81.0,60.0,2.0,1.07,162.0,26.0,17.0,Digital Wallet,4.0
2022-11-22,46-55,PA,Female,Low,Affiliates,Beauty,Makeup,Revlon,ColorStay Lipstick,17.0,15.0,4.0,1.14,70.0,7.0,3.0,Digital Wallet,5.0
2022-11-22,26-35,NY,Male,Middle,App,Electronics,Smartphones,Apple,iPhone SE,580.0,400.0,2.0,1.44,1161.0,16.0,345.0,Digital Wallet,5.0
2022-11-22,18-25,GA,Male,Middle,Affiliates,Clothing,T-Shirts,Nike,Pro,49.0,30.0,2.0,1.27,99.0,4.0,35.0,Digital Wallet,3.0
2022-11-22,36-45,FL,Female,Middle,Organic,Electronics,Smartphones,Samsung,Galaxy S21,692.0,500.0,1.0,0.69,692.0,9.0,183.0,Credit Card,4.0
2022-11-22,26-35,GA,Male,Low,Organic,Home,Furniture,IKEA,Kallax Shelf,77.0,60.0,2.0,0.78,154.0,22.0,13.0,Digital Wallet,5.0
2022-11-22,26-35,CA,Female,Middle,App,Clothing,Jeans,Levis,Slim Fit,64.0,50.0,3.0,1.64,193.0,5.0,37.0,Digital Wallet,5.0
2022-11-22,26-35,TX,Male,Middle,Others,Electronics,Laptops,HP,Envy,989.0,700.0,2.0,1.2,1978.0,19.0,559.0,Digital Wallet,6.0
2022-11-22,26-35,IL,Female,Middle,App,Electronics,Smartphones,Samsung,Galaxy A32,323.0,250.0,3.0,1.06,968.0,20.0,198.0,Digital Wallet,5.0
2022-11-22,56-65,GA,Female,Middle,PPC,Home,Furniture,Ashley Furniture,Sofa,406.0,300.0,1.0,1.57,406.0,12.0,94.0,Debit Card,4.0
2022-11-22,46-55,IL,Female,Middle,Email,Home,Furniture,IKEA,Kallax Shelf,67.0,60.0,2.0,0.99,135.0,25.0,-10.0,Credit Card,5.0
2022-11-22,36-45,FL,Female,Middle,Email,Home,Beds,Serta,Perfect Sleeper,886.0,750.0,7.0,1.05,6201.0,88.0,863.0,Digital Wallet,9.0
2022-11-22,26-35,NY,Male,High,Others,Home,Beds,Tempur-Pedic,Contour Elite,1893.0,1700.0,2.0,1.23,3786.0,30.0,356.0,Debit Card,6.0
2022-11-22,36-45,FL,Male,Middle,PPC,Home,Beds,Tempur-Pedic,Cloud Supreme,1952.0,1800.0,1.0,1.2,1952.0,16.0,137.0,Debit Card,4.0
2022-11-22,18-25,PA,Male,Middle,Others,Clothing,Jeans,Wrangler,Regular Fit,61.0,35.0,1.0,1.44,61.0,6.0,20.0,BNPL,4.0
2022-11-22,36-45,IL,Female,Middle,Email,Home,Furniture,IKEA,Billy Bookcase,131.0,100.0,2.0,1.27,262.0,25.0,37.0,Digital Wallet,6.0
2022-11-22,46-55,TX,Male,Middle,Affiliates,Home,Furniture,IKEA,Kallax Shelf,67.0,60.0,1.0,1.27,67.0,13.0,-5.0,Debit Card,5.0
2022-11-22,36-45,GA,Male,Middle,App,Home,Furniture,Ashley Furniture,Bed Frame,263.0,100.0,2.0,0.61,527.0,22.0,305.0,Credit Card,6.0
2022-11-22,36-45,IL,Female,Low,Organic,Beauty,Skincare,Neutrogena,Rapid Wrinkle Repair,33.0,20.0,4.0,1.04,130.0,8.0,43.0,Digital Wallet,4.0
2022-11-22,36-45,PA,Male,Low,Organic,Home,Furniture,IKEA,Kallax Shelf,66.0,60.0,2.0,1.17,132.0,24.0,-12.0,Digital Wallet,5.0
2022-11-22,18-25,FL,Female,Low,Organic,Electronics,Smartphones,Samsung,Galaxy A32,350.0,250.0,3.0,0.95,1049.0,19.0,281.0,Digital Wallet,5.0
2022-11-22,46-55,NY,Female,Low,Email,Home,Furniture,IKEA,Billy Bookcase,188.0,100.0,1.0,1.13,188.0,16.0,72.0,Credit Card,5.0
2022-11-22,56-65,TX,Male,Middle,PPC,Electronics,Smartphones,Samsung,Galaxy A32,327.0,250.0,2.0,1.62,653.0,13.0,140.0,Digital Wallet,4.0
2022-11-22,36-45,CA,Male,High,Organic,Beauty,Makeup,Maybelline,Lash Sensational Mascara,17.0,10.0,3.0,0.86,52.0,3.0,19.0,Debit Card,2.0
2022-11-22,18-25,IL,Male,Low,Affiliates,Home,Furniture,IKEA,Billy Bookcase,120.0,100.0,1.0,0.78,120.0,15.0,5.0,Credit Card,4.0
2022-11-22,26-35,OH,Male,Middle,Affiliates,Home,Furniture,Ashley Furniture,Bed Frame,241.0,100.0,2.0,1.47,482.0,23.0,258.0,Debit Card,5.0
2022-11-22,46-55,NC,Female,Low,App,Clothing,Jeans,Wrangler,Regular Fit,62.0,35.0,3.0,0.74,185.0,11.0,69.0,Digital Wallet,4.0
2022-11-22,18-25,NY,Male,Middle,Affiliates,Beauty,Makeup,Maybelline,Fit Me Foundation,16.0,15.0,6.0,1.69,97.0,9.0,-2.0,Credit Card,6.0
2022-11-22,46-55,NY,Male,Middle,PPC,Beauty,Makeup,Maybelline,Fit Me Foundation,19.0,15.0,5.0,1.02,96.0,9.0,12.0,Debit Card,5.0
2022-11-22,46-55,FL,Female,Middle,Affiliates,Electronics,Smartphones,Apple,iPhone 15,980.0,800.0,3.0,1.58,2941.0,19.0,522.0,Digital Wallet,5.0
2022-11-22,26-35,CA,Male,Middle,Email,Electronics,Smartphones,Apple,iPhone SE,559.0,400.0,1.0,1.76,559.0,6.0,153.0,Digital Wallet,3.0
2022-11-22,46-55,NY,Female,Middle,Email,Home,Beds,Tempur-Pedic,Cloud Supreme,1898.0,1800.0,2.0,1.07,3796.0,30.0,166.0,Credit Card,5.0
2022-11-22,56-65,OH,Male,High,Organic,Electronics,Smartphones,Samsung,Galaxy S21,674.0,500.0,1.0,1.36,674.0,8.0,165.0,Credit Card,3.0
2022-11-22,66+,MI,Female,Middle,Email,Beauty,Skincare,Neutrogena,Oil-Free Acne Wash,19.0,15.0,3.0,0.96,56.0,7.0,4.0,Credit Card,4.0
2022-11-22,66+,IL,Other,High,Organic,Clothing,Jeans,Levis,Bootcut,101.0,100.0,2.0,1.26,202.0,8.0,-6.0,Credit Card,7.0
2022-11-22,36-45,OH,Female,Middle,App,Home,Beds,Tempur-Pedic,Contour Elite,1801.0,1700.0,2.0,1.05,3602.0,27.0,174.0,Credit Card,6.0
2022-11-22,56-65,CA,Female,Low,App,Clothing,Jeans,Levis,Bootcut,105.0,100.0,2.0,1.87,209.0,4.0,5.0,Debit Card,4.0
2022-11-22,56-65,CA,Female,Low,Organic,Electronics,Smartphones,Samsung,Galaxy S21,702.0,500.0,3.0,0.55,2107.0,16.0,591.0,Debit Card,2.0
2022-11-22,46-55,IL,Other,High,Organic,Electronics,Smartphones,Samsung,Galaxy A32,342.0,250.0,2.0,0.54,685.0,15.0,170.0,BNPL,4.0
2022-11-22,66+,GA,Other,Middle,Email,Electronics,Smartphones,Samsung,Galaxy S21,704.0,500.0,3.0,0.63,2112.0,17.0,595.0,Debit Card,5.0
2022-11-22,18-25,IL,Other,Low,Others,Electronics,Smartphones,Samsung,Galaxy S21,702.0,500.0,2.0,1.16,1404.0,15.0,390.0,Debit Card,6.0
2022-11-22,26-35,TX,Male,Low,App,Home,Furniture,IKEA,Kallax Shelf,69.0,60.0,1.0,1.81,69.0,13.0,-3.0,Digital Wallet,4.0
2022-11-22,66+,IL,Male,Middle,App,Electronics,Smartphones,Apple,iPhone SE,592.0,400.0,2.0,1.26,1185.0,15.0,370.0,Credit Card,5.0
2022-11-22,66+,OH,Male,Middle,Others,Beauty,Makeup,Revlon,PhotoReady Concealer,15.0,12.0,5.0,1.79,74.0,6.0,8.0,Digital Wallet,5.0
2022-11-22,36-45,CA,Male,Low,App,Home,Furniture,IKEA,Kallax Shelf,82.0,60.0,1.0,1.79,82.0,11.0,11.0,Digital Wallet,3.0
2022-11-22,36-45,NC,Female,Middle,PPC,Beauty,Makeup,Maybelline,Lash Sensational Mascara,12.0,10.0,6.0,0.54,69.0,10.0,-1.0,Debit Card,6.0
2022-11-22,26-35,FL,Male,Middle,App,Home,Furniture,IKEA,Kallax Shelf,71.0,60.0,2.0,1.7,141.0,24.0,-3.0,Credit Card,5.0
2022-11-22,56-65,PA,Other,High,Email,Home,Furniture,Ashley Furniture,Bed Frame,250.0,100.0,1.0,0.87,250.0,14.0,136.0,Debit Card,5.0
2022-11-22,36-45,PA,Female,Middle,PPC,Home,Furniture,Ashley Furniture,Sofa,432.0,300.0,2.0,0.58,864.0,24.0,239.0,Digital Wallet,4.0
2022-11-22,26-35,FL,Female,Middle,Organic,Electronics,Smartphones,Apple,iPhone 15,1049.0,800.0,10.0,1.1,10492.0,54.0,2439.0,Debit Card,8.0
2022-11-22,26-35,GA,Female,Middle,Organic,Electronics,Smartphones,Apple,iPhone 15,1017.0,800.0,1.0,1.91,1017.0,7.0,210.0,Debit Card,4.0
2022-11-22,26-35,CA,Female,Low,PPC,Electronics,Laptops,Apple Laptop,MacBook Air M2,1189.0,1000.0,2.0,1.79,2378.0,17.0,361.0,Credit Card,3.0
2022-11-22,66+,IL,Female,Middle,App,Home,Furniture,IKEA,Kallax Shelf,82.0,60.0,2.0,1.3,165.0,25.0,20.0,Debit Card,6.0
2022-11-22,56-65,TX,Male,High,Organic,Electronics,Smartphones,Apple,iPhone 14,933.0,700.0,1.0,0.94,933.0,8.0,225.0,Digital Wallet,5.0
2022-11-22,36-45,NY,Male,High,Others,Electronics,Smartphones,Apple,iPhone 15,1018.0,800.0,1.0,1.61,1018.0,11.0,208.0,Debit Card,4.0
2022-11-22,56-65,IL,Male,Middle,Organic,Electronics,Smartphones,Samsung,Galaxy Z Fold 5,1637.0,1500.0,3.0,1.73,4912.0,20.0,392.0,Debit Card,5.0
2022-11-22,66+,TX,Female,Middle,PPC,Beauty,Makeup,Revlon,ColorStay Lipstick,19.0,15.0,3.0,1.12,56.0,5.0,6.0,Credit Card,4.0
2022-11-22,46-55,NC,Other,Middle,App,Clothing,T-Shirts,Adidas,Performance,63.0,45.0,1.0,1.37,63.0,8.0,10.0,Digital Wallet,4.0
2022-11-22,26-35,FL,Female,Middle,Affiliates,Electronics,Laptops,HP,Pavilion,686.0,600.0,1.0,0.95,686.0,12.0,74.0,Credit Card,3.0
2022-11-22,66+,FL,Other,Low,Others,Beauty,Makeup,Maybelline,Fit Me Foundation,12.0,15.0,3.0,1.09,37.0,6.0,-13.0,Credit Card,4.0
2022-11-22,36-45,FL,Male,Middle,Affiliates,Clothing,Jeans,Levis,Bootcut,116.0,100.0,2.0,1.95,232.0,7.0,25.0,Credit Card,5.0
2022-11-22,46-55,TX,Female,Middle,Organic,Beauty,Makeup,Maybelline,Lash Sensational Mascara,14.0,10.0,4.0,1.74,58.0,5.0,13.0,Digital Wallet,4.0
2022-11-22,36-45,TX,Other,Middle,Others,Home,Furniture,Ashley Furniture,Sofa,472.0,300.0,2.0,0.94,944.0,23.0,322.0,Debit Card,6.0
2022-11-22,36-45,CA,Female,Low,App,Electronics,Smartphones,Samsung,Galaxy S21,692.0,500.0,2.0,1.86,1383.0,11.0,372.0,Debit Card,4.0
2022-11-22,46-55,CA,Female,Middle,Organic,Clothing,Jeans,Wrangler,Regular Fit,54.0,35.0,2.0,0.54,107.0,4.0,34.0,Digital Wallet,3.0
2022-11-22,66+,FL,Female,Low,PPC,Electronics,Laptops,Apple Laptop,MacBook Pro M2,1396.0,1200.0,1.0,0.63,1396.0,12.0,184.0,Credit Card,3.0
2022-11-22,26-35,IL,Other,Low,Others,Home,Furniture,IKEA,Kallax Shelf,68.0,60.0,2.0,1.69,136.0,25.0,-9.0,BNPL,6.0
2022-11-22,46-55,TX,Female,Middle,Email,Electronics,Smartphones,Apple,iPhone 15,1020.0,800.0,1.0,0.71,1020.0,8.0,212.0,Debit Card,3.0
2022-11-22,36-45,NY,Other,Middle,Affiliates,Home,Furniture,Ashley Furniture,Sofa,432.0,300.0,2.0,0.77,863.0,26.0,237.0,Debit Card,5.0
2022-11-22,36-45,NC,Other,High,Affiliates,Home,Furniture,Ashley Furniture,Dining Table,327.0,200.0,2.0,1.85,653.0,27.0,227.0,Credit Card,5.0
2022-11-22,56-65,FL,Female,Middle,App,Home,Furniture,Ashley Furniture,Bed Frame,220.0,100.0,1.0,0.54,220.0,14.0,106.0,Credit Card,5.0
2022-11-22,18-25,PA,Female,High,App,Clothing,Jeans,Levis,Bootcut,102.0,100.0,3.0,1.99,306.0,9.0,-3.0,Digital Wallet,5.0
2022-11-22,46-55,OH,Male,High,Organic,Beauty,Makeup,Maybelline,Lash Sensational Mascara,14.0,10.0,5.0,1.42,70.0,6.0,14.0,Credit Card,5.0
2022-11-22,18-25,CA,Female,High,App,Beauty,Makeup,Revlon,PhotoReady Concealer,17.0,12.0,5.0,1.79,85.0,4.0,21.0,Credit Card,3.0
2022-11-22,56-65,GA,Male,Low,Organic,Home,Beds,Tempur-Pedic,Cloud Supreme,1910.0,1800.0,2.0,0.59,3821.0,26.0,195.0,Credit Card,5.0
2022-11-22,66+,PA,Female,High,Affiliates,Electronics,Smartphones,Apple,iPhone SE,583.0,400.0,3.0,0.95,1749.0,19.0,529.0,Digital Wallet,8.0
2022-11-22,66+,IL,Female,High,Affiliates,Beauty,Makeup,Maybelline,Fit Me Foundation,19.0,15.0,6.0,1.78,112.0,8.0,14.0,Debit Card,4.0
2022-11-22,26-35,OH,Female,Middle,App,Clothing,Jeans,Wrangler,Authentics,48.0,30.0,1.0,1.47,48.0,5.0,14.0,Digital Wallet,2.0
2022-11-22,36-45,PA,Male,Middle,Others,Beauty,Makeup,Maybelline,Lash Sensational Mascara,15.0,10.0,6.0,1.65,88.0,8.0,20.0,Credit Card,5.0
2022-11-22,46-55,GA,Male,Middle,Affiliates,Clothing,T-Shirts,Nike,Pro,44.0,30.0,5.0,1.85,221.0,8.0,63.0,Digital Wallet,4.0
2022-11-22,56-65,FL,Male,Middle,App,Beauty,Makeup,Revlon,ColorStay Lipstick,17.0,15.0,3.0,1.18,52.0,6.0,1.0,Digital Wallet,3.0
2022-11-22,36-45,NY,Female,Low,Organic,Clothing,Jeans,Levis,Slim Fit,59.0,50.0,3.0,0.54,176.0,10.0,16.0,Digital Wallet,4.0
2022-11-22,36-45,PA,Other,Low,Affiliates,Clothing,Jeans,Levis,501 Original,83.0,60.0,2.0,1.16,167.0,7.0,40.0,Digital Wallet,4.0
2022-11-22,56-65,TX,Female,High,App,Home,Beds,Tempur-Pedic,Contour Elite,1904.0,1700.0,2.0,1.74,3808.0,27.0,381.0,Credit Card,4.0
2022-11-22,26-35,NY,Other,Middle,Email,Home,Furniture,IKEA,Kallax Shelf,91.0,60.0,2.0,1.17,181.0,26.0,35.0,Digital Wallet,5.0
2022-11-22,18-25,IL,Male,Low,Others,Electronics,Laptops,Apple Laptop,MacBook Air M1,1027.0,900.0,1.0,1.61,1027.0,13.0,114.0,Debit Card,4.0
2022-11-22,26-35,NY,Male,Middle,PPC,Home,Furniture,IKEA,Billy Bookcase,126.0,100.0,2.0,0.69,253.0,26.0,27.0,Credit Card,5.0
2022-11-22,46-55,FL,Male,Middle,Organic,Home,Beds,Tempur-Pedic,Cloud Supreme,1967.0,1800.0,1.0,1.36,1967.0,16.0,151.0,Credit Card,5.0
2022-11-22,56-65,CA,Female,Middle,Organic,Electronics,Smartphones,Apple,iPhone 15,1021.0,800.0,5.0,1.24,5104.0,26.0,1079.0,Digital Wallet,4.0
2022-11-22,26-35,NC,Female,High,Organic,Beauty,Makeup,Maybelline,Lash Sensational Mascara,14.0,10.0,4.0,1.66,56.0,9.0,7.0,Debit Card,10.0
2022-11-22,56-65,FL,Male,Middle,Others,Electronics,Smartphones,Apple,iPhone SE,572.0,400.0,2.0,1.84,1143.0,14.0,329.0,Digital Wallet,4.0
2022-11-22,26-35,PA,Male,Low,App,Home,Beds,Serta,iComfort,2199.0,1900.0,1.0,1.96,2199.0,16.0,282.0,Digital Wallet,5.0
2022-11-22,46-55,OH,Female,Middle,Others,Electronics,Smartphones,Samsung,Galaxy A32,289.0,250.0,2.0,0.76,578.0,13.0,65.0,Debit Card,5.0
2022-11-22,26-35,NY,Female,Middle,Affiliates,Home,Furniture,IKEA,Kallax Shelf,55.0,60.0,2.0,1.95,109.0,26.0,-36.0,Debit Card,5.0
2022-11-22,18-25,GA,Male,Middle,App,Electronics,Smartphones,Samsung,Galaxy Z Fold 5,1631.0,1500.0,3.0,1.27,4892.0,17.0,375.0,Credit Card,5.0
2022-11-22,36-45,IL,Female,Low,Organic,Home,Furniture,Ashley Furniture,Dining Table,386.0,200.0,2.0,1.12,773.0,25.0,348.0,Digital Wallet,5.0
2022-11-22,26-35,TX,Female,Middle,Organic,Electronics,Laptops,Apple Laptop,MacBook Pro M2,1331.0,1200.0,2.0,0.6,2663.0,19.0,244.0,Debit Card,6.0
2022-11-22,26-35,TX,Other,High,Organic,Home,Furniture,IKEA,Billy Bookcase,145.0,100.0,2.0,1.97,290.0,23.0,68.0,Credit Card,6.0
2022-11-22,26-35,CA,Female,Low,Others,Electronics,Smartphones,Samsung,Galaxy Z Fold 5,1689.0,1500.0,2.0,0.84,3378.0,11.0,368.0,Credit Card,5.0
2022-11-22,36-45,NY,Other,Middle,App,Beauty,Makeup,Maybelline,Fit Me Foundation,16.0,15.0,2.0,0.89,31.0,7.0,-6.0,Digital Wallet,4.0
2022-11-22,46-55,CA,Male,Middle,Affiliates,Home,Furniture,IKEA,Billy Bookcase,130.0,100.0,1.0,0.66,130.0,11.0,20.0,Credit Card,4.0
2022-11-22,56-65,FL,Female,High,Organic,Beauty,Makeup,Maybelline,Lash Sensational Mascara,18.0,10.0,5.0,1.56,92.0,7.0,35.0,Credit Card,8.0
2022-11-22,36-45,TX,Female,Middle,Affiliates,Home,Furniture,IKEA,Billy Bookcase,152.0,100.0,1.0,0.69,152.0,13.0,39.0,Digital Wallet,4.0
2022-11-22,66+,FL,Female,Low,Organic,Clothing,Jeans,Levis,Slim Fit,64.0,50.0,1.0,1.71,64.0,5.0,9.0,Credit Card,3.0
2022-11-22,56-65,MI,Female,Middle,Affiliates,Electronics,Laptops,HP,Envy,966.0,700.0,2.0,1.4,1932.0,21.0,511.0,Debit Card,4.0
2022-11-22,26-35,NY,Female,Low,App,Home,Beds,Tempur-Pedic,Cloud Supreme,1907.0,1800.0,1.0,1.22,1907.0,18.0,89.0,Digital Wallet,6.0
2022-11-22,56-65,MI,Other,Middle,Organic,Clothing,T-Shirts,Nike,Sportswear,41.0,25.0,3.0,0.95,123.0,9.0,39.0,Credit Card,5.0
2022-11-22,46-55,TX,Male,High,Organic,Electronics,Smartphones,Samsung,Galaxy S21,592.0,500.0,2.0,0.93,1183.0,13.0,171.0,Debit Card,6.0
2022-11-22,36-45,CA,Male,High,Organic,Home,Furniture,IKEA,Billy Bookcase,147.0,100.0,2.0,0.77,294.0,21.0,73.0,BNPL,4.0
2022-11-22,56-65,GA,Male,Middle,App,Electronics,Smartphones,Samsung,Galaxy Z Fold 5,1599.0,1500.0,2.0,1.33,3198.0,12.0,186.0,Digital Wallet,6.0
2022-11-22,36-45,TX,Female,Middle,Organic,Electronics,Smartphones,Apple,iPhone SE,566.0,400.0,1.0,0.59,566.0,8.0,158.0,Debit Card,3.0
2022-11-22,18-25,FL,Other,Middle,Organic,Beauty,Makeup,Maybelline,Lash Sensational Mascara,17.0,10.0,2.0,1.84,34.0,5.0,9.0,Debit Card,5.0
2022-11-22,26-35,CA,Male,High,Email,Electronics,Smartphones,Apple,iPhone SE,542.0,400.0,1.0,1.8,542.0,6.0,136.0,Credit Card,5.0
2022-11-22,56-65,TX,Female,High,App,Electronics,Smartphones,Apple,iPhone 15,1037.0,800.0,3.0,1.32,3112.0,18.0,695.0,Digital Wallet,4.0
2022-11-22,26-35,CA,Male,Middle,Organic,Beauty,Makeup,Revlon,PhotoReady Concealer,18.0,12.0,1.0,1.12,18.0,3.0,3.0,BNPL,2.0
2022-11-22,26-35,NY,Female,Low,Organic,Electronics,Laptops,Apple Laptop,MacBook Pro M3,1721.0,1500.0,1.0,0.82,1721.0,14.0,208.0,Digital Wallet,4.0
2022-11-22,46-55,MI,Male,Low,PPC,Electronics,Smartphones,Apple,iPhone 14,977.0,700.0,1.0,0.79,977.0,10.0,267.0,Debit Card,5.0
2022-11-22,36-45,CA,Male,Low,App,Beauty,Makeup,Revlon,ColorStay Lipstick,20.0,15.0,3.0,1.81,59.0,3.0,11.0,Credit Card,4.0
2022-11-22,26-35,IL,Female,Middle,Organic,Beauty,Makeup,Maybelline,Lash Sensational Mascara,17.0,10.0,3.0,1.36,51.0,7.0,14.0,Credit Card,6.0
2022-11-22,36-45,IL,Male,Middle,Organic,Electronics,Smartphones,Samsung,Galaxy Z Fold 5,1690.0,1500.0,3.0,0.65,5070.0,20.0,550.0,Credit Card,5.0
2022-11-22,36-45,NY,Other,Low,Affiliates,Home,Furniture,IKEA,Billy Bookcase,155.0,100.0,1.0,1.11,155.0,16.0,40.0,Digital Wallet,7.0
2022-11-22,66+,IL,Male,Low,Organic,Beauty,Makeup,Revlon,PhotoReady Concealer,16.0,12.0,2.0,1.44,32.0,6.0,2.0,Credit Card,4.0
2022-11-22,36-45,TX,Male,Middle,Affiliates,Beauty,Makeup,Revlon,PhotoReady Concealer,18.0,12.0,2.0,1.56,35.0,4.0,7.0,Credit Card,3.0
2022-11-22,18-25,NY,Male,Middle,Others,Beauty,Skincare,Neutrogena,Rapid Wrinkle Repair,20.0,20.0,1.0,1.11,20.0,7.0,-7.0,Credit Card,3.0
2022-11-22,26-35,NY,Male,Middle,PPC,Electronics,Smartphones,Samsung,Galaxy A32,347.0,250.0,2.0,0.78,694.0,16.0,179.0,BNPL,6.0
2022-11-22,26-35,CA,Other,High,App,Clothing,Jeans,Wrangler,Authentics,44.0,30.0,3.0,0.93,131.0,5.0,36.0,Credit Card,3.0
2022-11-22,46-55,GA,Male,Middle,App,Home,Furniture,IKEA,Kallax Shelf,71.0,60.0,1.0,1.58,71.0,12.0,-0.0,BNPL,4.0
2022-11-22,18-25,NY,Male,Middle,Email,Home,Furniture,IKEA,Kallax Shelf,79.0,60.0,2.0,0.57,158.0,26.0,12.0,Debit Card,6.0
2022-11-22,26-35,OH,Female,Middle,App,Clothing,Jeans,Wrangler,Regular Fit,60.0,35.0,2.0,1.68,120.0,6.0,44.0,Debit Card,4.0
2022-11-22,56-65,NY,Male,Middle,App,Home,Beds,Tempur-Pedic,Cloud Supreme,1949.0,1800.0,1.0,0.5,1949.0,18.0,131.0,BNPL,5.0
2022-11-22,26-35,NY,Male,Low,Organic,Beauty,Makeup,Maybelline,Lash Sensational Mascara,15.0,10.0,1.0,0.91,15.0,6.0,-1.0,Digital Wallet,4.0
2022-11-22,36-45,PA,Male,Middle,Email,Electronics,Laptops,Dell,Inspiron,786.0,600.0,1.0,1.38,786.0,12.0,173.0,Digital Wallet,5.0
2022-11-22,36-45,FL,Other,Low,Organic,Home,Furniture,IKEA,Billy Bookcase,134.0,100.0,2.0,1.99,269.0,24.0,45.0,BNPL,5.0
2022-11-22,46-55,PA,Female,Low,Others,Home,Furniture,Ashley Furniture,Bed Frame,221.0,100.0,1.0,1.64,221.0,14.0,107.0,Credit Card,3.0
2022-11-22,18-25,TX,Female,High,Email,Home,Beds,Tempur-Pedic,Cloud Supreme,1988.0,1800.0,2.0,0.7,3976.0,27.0,349.0,BNPL,5.0
2022-11-22,18-25,FL,Male,Middle,Others,Electronics,Smartphones,Samsung,Galaxy Z Fold 5,1591.0,1500.0,2.0,1.04,3183.0,14.0,169.0,Debit Card,4.0
2022-11-22,56-65,PA,Male,Middle,Others,Electronics,Smartphones,Apple,iPhone 15,1040.0,800.0,2.0,1.68,2080.0,14.0,465.0,Debit Card,4.0
2022-11-22,26-35,TX,Other,Low,Email,Electronics,Smartphones,Apple,iPhone 15,991.0,800.0,1.0,1.35,991.0,8.0,183.0,Debit Card,3.0
2022-11-22,26-35,IL,Other,Middle,PPC,Electronics,Smartphones,Samsung,Galaxy A32,325.0,250.0,1.0,1.4,325.0,10.0,65.0,Digital Wallet,4.0
2022-11-22,36-45,CA,Male,High,Email,Clothing,T-Shirts,Adidas,Performance,51.0,45.0,5.0,1.99,255.0,7.0,24.0,Debit Card,5.0
2022-11-22,26-35,MI,Female,High,Organic,Electronics,Smartphones,Apple,iPhone 14,935.0,700.0,1.0,1.44,935.0,10.0,225.0,Debit Card,3.0
2022-11-22,36-45,CA,Female,Middle,Organic,Electronics,Smartphones,Apple,iPhone SE,556.0,400.0,3.0,1.3,1668.0,16.0,452.0,Digital Wallet,4.0
2022-11-22,26-35,NY,Female,Middle,Organic,Clothing,Jeans,Levis,Slim Fit,66.0,50.0,2.0,1.9,133.0,9.0,24.0,Digital Wallet,4.0
2022-11-22,26-35,NY,Female,Middle,Others,Electronics,Smartphones,Samsung,Galaxy A32,303.0,250.0,2.0,1.47,605.0,16.0,90.0,Credit Card,5.0
2022-11-22,26-35,FL,Female,Low,Email,Electronics,Smartphones,Apple,iPhone 14,906.0,700.0,4.0,1.17,3626.0,24.0,802.0,Debit Card,6.0
2022-11-22,46-55,NY,Male,Middle,Affiliates,Clothing,T-Shirts,Nike,Pro,49.0,30.0,1.0,0.67,49.0,7.0,12.0,Digital Wallet,3.0
2022-11-22,56-65,GA,Female,Low,Others,Clothing,Jeans,Wrangler,Authentics,58.0,30.0,2.0,0.87,116.0,5.0,51.0,Digital Wallet,3.0
2022-11-22,26-35,TX,Male,Middle,Organic,Clothing,T-Shirts,Adidas,Essentials,43.0,35.0,2.0,1.19,85.0,5.0,10.0,Debit Card,3.0
2022-11-22,46-55,CA,Female,Low,Organic,Clothing,T-Shirts,Nike,Pro,38.0,30.0,1.0,0.73,38.0,3.0,5.0,Credit Card,2.0
2022-11-22,46-55,CA,Female,Middle,App,Clothing,T-Shirts,Adidas,Performance,70.0,45.0,4.0,0.72,278.0,6.0,92.0,Debit Card,3.0
2022-11-22,66+,CA,Female,Low,Affiliates,Home,Beds,Tempur-Pedic,Cloud Supreme,1918.0,1800.0,1.0,1.39,1918.0,13.0,105.0,Credit Card,9.0
2022-11-22,36-45,NY,Other,Middle,Affiliates,Electronics,Smartphones,Samsung,Galaxy A32,325.0,250.0,3.0,1.53,975.0,21.0,204.0,BNPL,4.0
2022-11-22,26-35,PA,Male,High,App,Electronics,Smartphones,Samsung,Galaxy A32,340.0,250.0,3.0,0.96,1019.0,19.0,250.0,Debit Card,5.0
2022-11-22,56-65,MI,Male,Middle,App,Home,Beds,Tempur-Pedic,Cloud Supreme,1914.0,1800.0,2.0,1.22,3829.0,29.0,199.0,Debit Card,6.0
2022-11-22,46-55,GA,Female,Middle,Others,Electronics,Smartphones,Apple,iPhone SE,616.0,400.0,1.0,1.27,616.0,7.0,209.0,BNPL,4.0
2022-11-22,26-35,FL,Other,High,App,Electronics,Smartphones,Apple,iPhone SE,544.0,400.0,3.0,1.72,1631.0,19.0,412.0,Credit Card,5.0
2022-11-22,36-45,CA,Male,Middle,Organic,Home,Furniture,IKEA,Billy Bookcase,130.0,100.0,2.0,0.83,260.0,21.0,39.0,Digital Wallet,4.0
2022-11-22,46-55,CA,Male,Middle,App,Home,Furniture,IKEA,Billy Bookcase,127.0,100.0,1.0,1.36,127.0,11.0,16.0,Credit Card,4.0
2022-11-22,18-25,FL,Male,Middle,Affiliates,Clothing,Jeans,Wrangler,Regular Fit,57.0,35.0,2.0,1.19,115.0,7.0,38.0,Credit Card,3.0
2022-11-22,18-25,NY,Female,High,App,Home,Furniture,Ashley Furniture,Sofa,485.0,300.0,1.0,1.85,485.0,16.0,170.0,Credit Card,5.0
2022-11-22,26-35,NY,Male,Middle,Email,Electronics,Laptops,Apple Laptop,MacBook Pro M3,1761.0,1500.0,2.0,1.43,3523.0,22.0,501.0,Credit Card,4.0
2022-11-22,36-45,MI,Male,Middle,Email,Electronics,Smartphones,Apple,iPhone 14,882.0,700.0,2.0,1.44,1765.0,15.0,349.0,Credit Card,4.0
2022-11-22,36-45,CA,Female,Middle,Others,Beauty,Skincare,Neutrogena,Rapid Wrinkle Repair,29.0,20.0,4.0,1.95,116.0,4.0,32.0,BNPL,4.0
2022-11-22,56-65,MI,Female,Low,Affiliates,Home,Furniture,Ashley Furniture,Sofa,422.0,300.0,2.0,1.24,844.0,25.0,219.0,Debit Card,6.0
2022-11-22,26-35,IL,Male,Middle,PPC,Electronics,Laptops,Apple Laptop,MacBook Air M1,1095.0,900.0,1.0,0.52,1095.0,13.0,182.0,Credit Card,4.0
2022-11-22,46-55,PA,Female,High,Organic,Beauty,Makeup,Maybelline,Fit Me Foundation,16.0,15.0,3.0,1.19,49.0,6.0,-3.0,Digital Wallet,5.0
2022-11-22,56-65,TX,Female,Low,PPC,Beauty,Skincare,Neutrogena,Oil-Free Acne Wash,17.0,15.0,3.0,1.99,51.0,5.0,1.0,Credit Card,4.0
2022-11-22,66+,FL,Female,Low,App,Electronics,Smartphones,Samsung,Galaxy S21,643.0,500.0,1.0,1.41,643.0,9.0,134.0,Credit Card,3.0
2022-11-22,66+,FL,Male,High,PPC,Clothing,Jeans,Levis,Bootcut,111.0,100.0,1.0,0.83,111.0,5.0,6.0,Credit Card,3.0
2022-11-22,26-35,FL,Male,Middle,Others,Electronics,Laptops,Apple Laptop,MacBook Air M2,1198.0,1000.0,1.0,1.4,1198.0,12.0,186.0,BNPL,4.0
2022-11-22,26-35,MI,Male,Middle,Organic,Electronics,Laptops,Apple Laptop,MacBook Air M1,1115.0,900.0,2.0,1.21,2231.0,21.0,410.0,Debit Card,4.0
2022-11-22,46-55,NY,Male,Low,PPC,Beauty,Makeup,Revlon,PhotoReady Concealer,13.0,12.0,5.0,1.29,65.0,9.0,-3.0,BNPL,5.0
2022-11-22,18-25,CA,Female,High,Organic,Home,Furniture,IKEA,Billy Bookcase,105.0,100.0,2.0,0.85,209.0,21.0,-12.0,BNPL,5.0
2022-11-22,56-65,TX,Other,Middle,Email,Clothing,Jeans,Wrangler,Regular Fit,58.0,35.0,3.0,1.34,175.0,7.0,63.0,Debit Card,4.0
2022-11-22,56-65,PA,Other,Middle,PPC,Electronics,Laptops,HP,Envy,894.0,700.0,2.0,1.42,1787.0,20.0,367.0,Credit Card,4.0
2022-11-22,36-45,IL,Female,Low,PPC,Electronics,Laptops,Dell,XPS,1531.0,1300.0,11.0,1.01,16839.0,93.0,2446.0,Credit Card,8.0
2022-11-22,36-45,TX,Male,Middle,PPC,Electronics,Laptops,Apple Laptop,MacBook Air M1,999.0,900.0,2.0,1.47,1997.0,19.0,178.0,Debit Card,5.0
2022-11-22,36-45,FL,Female,Low,Organic,Clothing,T-Shirts,Adidas,Performance,62.0,45.0,2.0,0.56,124.0,6.0,28.0,Digital Wallet,14.0
2022-11-22,46-55,GA,Other,Low,App,Home,Beds,Tempur-Pedic,Contour Elite,1832.0,1700.0,1.0,1.1,1832.0,14.0,118.0,Digital Wallet,4.0
2022-11-22,18-25,PA,Male,Low,Organic,Beauty,Makeup,Maybelline,Lash Sensational Mascara,13.0,10.0,4.0,0.61,52.0,7.0,5.0,Debit Card,4.0
2022-11-22,36-45,TX,Female,Middle,Organic,Clothing,T-Shirts,Nike,Sportswear,35.0,25.0,3.0,1.91,106.0,6.0,24.0,Credit Card,6.0
2022-11-22,46-55,TX,Male,High,Organic,Beauty,Makeup,Maybelline,Lash Sensational Mascara,15.0,10.0,2.0,0.65,30.0,4.0,6.0,Credit Card,4.0
2022-11-22,26-35,NY,Male,Low,Email,Electronics,Smartphones,Apple,iPhone 15,1006.0,800.0,1.0,1.6,1006.0,11.0,195.0,BNPL,4.0
2022-11-22,36-45,IL,Other,Low,Others,Electronics,Laptops,HP,Pavilion,657.0,600.0,1.0,1.41,657.0,13.0,45.0,BNPL,5.0
2022-11-22,26-35,NC,Male,Middle,Organic,Electronics,Laptops,Apple Laptop,MacBook Air M2,1142.0,1000.0,2.0,0.74,2283.0,23.0,261.0,Credit Card,5.0
2022-11-22,56-65,TX,Male,Low,Affiliates,Electronics,Smartphones,Samsung,Galaxy Z Fold 5,1607.0,1500.0,1.0,0.92,1607.0,8.0,99.0,Credit Card,4.0
2022-11-22,66+,GA,Other,Middle,Organic,Home,Beds,Serta,iComfort,2262.0,1900.0,2.0,1.05,4524.0,26.0,698.0,Credit Card,5.0
2022-11-22,56-65,CA,Female,Low,Organic,Clothing,Jeans,Levis,501 Original,78.0,60.0,2.0,1.53,156.0,4.0,32.0,Digital Wallet,2.0
2022-11-22,46-55,FL,Other,Middle,Organic,Home,Furniture,IKEA,Billy Bookcase,120.0,100.0,1.0,1.21,120.0,14.0,7.0,Digital Wallet,4.0
2022-11-22,18-25,FL,Male,Middle,Others,Clothing,Jeans,Wrangler,Regular Fit,54.0,35.0,1.0,1.71,54.0,5.0,13.0,Digital Wallet,3.0
2022-11-22,18-25,TX,Male,Middle,PPC,Home,Beds,Serta,Perfect Sleeper,868.0,750.0,1.0,0.67,868.0,15.0,103.0,Credit Card,3.0
2022-11-22,46-55,NY,Male,Low,Organic,Home,Furniture,IKEA,Kallax Shelf,53.0,60.0,2.0,1.3,106.0,26.0,-40.0,Debit Card,6.0
2022-11-22,18-25,TX,Male,High,App,Clothing,T-Shirts,Adidas,Essentials,37.0,35.0,1.0,1.73,37.0,4.0,-2.0,Debit Card,3.0
2022-11-22,56-65,TX,Female,Low,Organic,Beauty,Skincare,Neutrogena,Hydro Boost Gel,25.0,20.0,2.0,0.92,51.0,4.0,6.0,Digital Wallet,5.0
2022-11-22,26-35,PA,Other,Middle,Others,Electronics,Smartphones,Apple,iPhone 14,929.0,700.0,1.0,1.07,929.0,9.0,220.0,Digital Wallet,3.0
2022-11-22,26-35,GA,Male,Middle,Affiliates,Beauty,Skincare,Neutrogena,Hydro Boost Gel,29.0,20.0,2.0,1.48,58.0,3.0,15.0,BNPL,5.0
2022-11-22,26-35,MI,Male,High,Email,Home,Furniture,IKEA,Billy Bookcase,154.0,100.0,2.0,1.73,309.0,25.0,84.0,Credit Card,6.0
2022-11-22,26-35,CA,Male,High,Others,Electronics,Laptops,Apple Laptop,MacBook Air M2,1137.0,1000.0,2.0,1.71,2274.0,17.0,257.0,Credit Card,4.0
2022-11-22,56-65,GA,Female,Low,Email,Home,Beds,Tempur-Pedic,Contour Elite,1923.0,1700.0,2.0,1.78,3846.0,26.0,420.0,Debit Card,5.0
2022-11-22,18-25,NY,Female,Low,Affiliates,Clothing,T-Shirts,Nike,Sportswear,39.0,25.0,3.0,1.56,118.0,9.0,34.0,Credit Card,4.0
2022-11-22,18-25,NY,Other,Low,Organic,Electronics,Laptops,Apple Laptop,MacBook Pro M3,1751.0,1500.0,1.0,1.33,1751.0,14.0,237.0,Credit Card,5.0
2022-11-22,36-45,TX,Female,Middle,Affiliates,Beauty,Makeup,Maybelline,Fit Me Foundation,21.0,15.0,5.0,1.48,105.0,6.0,24.0,Digital Wallet,5.0
2022-11-22,66+,GA,Female,Low,App,Clothing,Jeans,Wrangler,Authentics,44.0,30.0,2.0,0.89,87.0,5.0,23.0,Digital Wallet,3.0
2022-11-22,46-55,MI,Female,Middle,Organic,Home,Furniture,Ashley Furniture,Dining Table,306.0,200.0,2.0,0.66,612.0,25.0,187.0,Digital Wallet,7.0
2022-11-22,26-35,TX,Female,Middle,Affiliates,Clothing,T-Shirts,Nike,Sportswear,34.0,25.0,4.0,1.51,134.0,8.0,27.0,Credit Card,4.0
2022-11-22,66+,IL,Male,Low,Organic,Electronics,Smartphones,Apple,iPhone SE,540.0,400.0,1.0,0.56,540.0,10.0,130.0,Digital Wallet,2.0
2022-11-22,56-65,NY,Male,Low,App,Home,Beds,Tempur-Pedic,Contour Elite,1736.0,1700.0,1.0,1.4,1736.0,18.0,18.0,Digital Wallet,5.0
2022-11-22,26-35,CA,Female,Middle,Organic,Home,Furniture,IKEA,Kallax Shelf,70.0,60.0,1.0,0.95,70.0,11.0,-1.0,Digital Wallet,3.0
2022-11-22,18-25,NC,Female,Middle,App,Home,Furniture,Ashley Furniture,Sofa,426.0,300.0,1.0,0.7,426.0,17.0,109.0,Credit Card,5.0
2022-11-22,18-25,NY,Female,Middle,PPC,Beauty,Skincare,Neutrogena,Rapid Wrinkle Repair,31.0,20.0,4.0,0.91,123.0,9.0,35.0,Credit Card,5.0
2022-11-22,36-45,CA,Female,Middle,Others,Home,Beds,Tempur-Pedic,Cloud Supreme,1984.0,1800.0,2.0,1.23,3969.0,25.0,344.0,Debit Card,4.0
2022-11-22,36-45,PA,Male,High,PPC,Home,Furniture,IKEA,Kallax Shelf,62.0,60.0,2.0,0.66,123.0,24.0,-21.0,Digital Wallet,6.0
2022-11-22,36-45,FL,Male,Low,Affiliates,Beauty,Makeup,Maybelline,Fit Me Foundation,13.0,15.0,5.0,1.36,66.0,7.0,-16.0,BNPL,4.0
2022-11-22,46-55,NY,Other,Middle,Email,Home,Beds,Serta,Perfect Sleeper,852.0,750.0,2.0,0.72,1704.0,30.0,174.0,Debit Card,6.0
2022-11-22,18-25,IL,Female,Middle,Affiliates,Home,Furniture,Ashley Furniture,Sofa,408.0,300.0,1.0,1.12,408.0,15.0,93.0,Digital Wallet,4.0
2022-11-22,18-25,FL,Female,Low,Others,Electronics,Smartphones,Apple,iPhone 15,995.0,800.0,2.0,1.03,1989.0,14.0,376.0,Debit Card,4.0
2022-11-22,26-35,NY,Male,Low,Organic,Electronics,Laptops,Apple Laptop,MacBook Pro M3,1688.0,1500.0,2.0,0.92,3375.0,22.0,354.0,Credit Card,5.0
2022-11-22,36-45,NY,Other,Low,Affiliates,Clothing,Jeans,Wrangler,Authentics,51.0,30.0,3.0,1.32,154.0,10.0,54.0,Credit Card,5.0
2022-11-22,26-35,GA,Male,Middle,App,Home,Beds,Tempur-Pedic,Cloud Supreme,1876.0,1800.0,1.0,1.44,1876.0,14.0,62.0,Credit Card,4.0
2022-11-22,26-35,CA,Female,High,App,Electronics,Smartphones,Apple,iPhone SE,587.0,400.0,3.0,1.99,1760.0,16.0,544.0,Credit Card,3.0
2022-11-22,18-25,TX,Female,Middle,App,Home,Furniture,Ashley Furniture,Bed Frame,209.0,100.0,1.0,1.38,209.0,13.0,96.0,Digital Wallet,4.0
2022-11-22,18-25,TX,Male,High,Email,Clothing,T-Shirts,Adidas,Performance,61.0,45.0,3.0,1.72,184.0,6.0,42.0,Digital Wallet,3.0
2022-11-22,18-25,MI,Male,Low,Others,Home,Furniture,IKEA,Kallax Shelf,67.0,60.0,2.0,0.6,135.0,25.0,-11.0,Debit Card,5.0
2022-11-22,56-65,NY,Other,Low,Organic,Electronics,Smartphones,Samsung,Galaxy A32,337.0,250.0,3.0,0.53,1010.0,21.0,240.0,Credit Card,5.0
2022-11-22,26-35,CA,Other,Middle,App,Beauty,Skincare,Neutrogena,Rapid Wrinkle Repair,30.0,20.0,2.0,1.29,60.0,3.0,17.0,BNPL,3.0
2022-11-22,56-65,CA,Other,High,Others,Home,Furniture,IKEA,Kallax Shelf,77.0,60.0,2.0,0.85,154.0,21.0,13.0,Debit Card,5.0
2022-11-22,36-45,NC,Male,Low,Organic,Beauty,Makeup,Maybelline,Lash Sensational Mascara,15.0,10.0,4.0,0.68,59.0,9.0,10.0,Digital Wallet,4.0
2022-11-22,66+,NC,Male,Middle,App,Home,Beds,Serta,iComfort,2254.0,1900.0,2.0,1.53,4507.0,31.0,676.0,Credit Card,5.0
2022-11-22,26-35,NC,Female,Low,Email,Clothing,Jeans,Levis,Slim Fit,58.0,50.0,3.0,1.93,175.0,11.0,14.0,Credit Card,4.0
2022-11-22,36-45,PA,Male,Middle,PPC,Clothing,T-Shirts,Nike,Pro,44.0,30.0,3.0,1.26,133.0,8.0,35.0,Credit Card,5.0
2022-11-22,56-65,MI,Female,High,Email,Electronics,Laptops,Apple Laptop,MacBook Air M2,1181.0,1000.0,1.0,0.92,1181.0,13.0,168.0,Debit Card,3.0
2022-11-22,56-65,PA,Other,High,PPC,Clothing,Jeans,Wrangler,Authentics,39.0,30.0,1.0,1.61,39.0,6.0,3.0,Digital Wallet,2.0
2022-11-22,56-65,PA,Female,High,Email,Home,Furniture,IKEA,Billy Bookcase,176.0,100.0,2.0,1.28,351.0,24.0,127.0,Debit Card,5.0
2022-11-22,56-65,IL,Male,Middle,Others,Beauty,Skincare,Neutrogena,Oil-Free Acne Wash,18.0,15.0,2.0,1.68,36.0,6.0,0.0,Credit Card,4.0
2022-11-22,26-35,IL,Female,Low,Affiliates,Home,Furniture,IKEA,Kallax Shelf,75.0,60.0,1.0,1.34,75.0,15.0,-0.0,Debit Card,6.0
2022-11-22,26-35,CA,Female,Middle,App,Clothing,Jeans,Wrangler,Authentics,51.0,30.0,2.0,1.24,102.0,4.0,38.0,BNPL,2.0
2022-11-22,26-35,CA,Female,Low,App,Electronics,Smartphones,Apple,iPhone SE,523.0,400.0,1.0,1.1,523.0,6.0,117.0,Credit Card,4.0
2022-11-22,66+,CA,Male,Middle,Others,Home,Beds,Serta,iComfort,2124.0,1900.0,1.0,0.88,2124.0,13.0,212.0,Digital Wallet,4.0
2022-11-22,18-25,TX,Female,Middle,Organic,Electronics,Smartphones,Apple,iPhone 14,897.0,700.0,3.0,1.3,2692.0,18.0,574.0,Credit Card,5.0
2022-11-22,18-25,IL,Female,Middle,Organic,Beauty,Makeup,Maybelline,Lash Sensational Mascara,12.0,10.0,2.0,0.86,25.0,6.0,-1.0,Digital Wallet,4.0
2022-11-22,46-55,IL,Other,Low,Others,Home,Beds,Tempur-Pedic,Cloud Supreme,2020.0,1800.0,2.0,0.91,4041.0,29.0,412.0,Digital Wallet,5.0
2022-11-22,66+,FL,Other,Low,Organic,Electronics,Smartphones,Samsung,Galaxy A32,297.0,250.0,3.0,1.12,891.0,19.0,122.0,BNPL,4.0
2022-11-22,66+,TX,Female,Middle,Others,Electronics,Smartphones,Apple,iPhone 14,930.0,700.0,3.0,1.03,2791.0,18.0,674.0,Debit Card,4.0
2022-11-22,26-35,TX,Female,Middle,PPC,Beauty,Makeup,Maybelline,Fit Me Foundation,17.0,15.0,1.0,1.4,17.0,3.0,-1.0,Credit Card,4.0
2022-11-22,66+,PA,Female,Low,Others,Beauty,Makeup,Maybelline,Lash Sensational Mascara,16.0,10.0,4.0,1.75,64.0,7.0,17.0,Debit Card,5.0
2022-11-22,36-45,FL,Other,Middle,App,Electronics,Laptops,Apple Laptop,MacBook Pro M2,1309.0,1200.0,2.0,1.01,2619.0,20.0,199.0,Debit Card,4.0
2022-11-22,36-45,GA,Male,Low,Organic,Electronics,Smartphones,Samsung,Galaxy S21,717.0,500.0,1.0,1.25,717.0,7.0,211.0,BNPL,3.0
2022-11-22,46-55,CA,Other,Middle,Organic,Clothing,T-Shirts,Nike,Dry-FIT,28.0,20.0,1.0,0.66,28.0,3.0,5.0,Credit Card,2.0
2022-11-22,46-55,NC,Other,Middle,App,Home,Beds,Tempur-Pedic,Cloud Supreme,1906.0,1800.0,1.0,1.74,1906.0,19.0,87.0,Credit Card,11.0
2022-11-22,18-25,IL,Female,High,Others,Home,Furniture,Ashley Furniture,Bed Frame,228.0,100.0,2.0,1.05,456.0,25.0,231.0,Credit Card,5.0
2022-11-22,36-45,CA,Male,Low,Email,Electronics,Smartphones,Apple,iPhone 15,985.0,800.0,3.0,1.43,2954.0,16.0,538.0,BNPL,3.0
2022-11-22,18-25,TX,Female,High,Others,Electronics,Smartphones,Samsung,Galaxy Z Fold 5,1703.0,1500.0,3.0,1.19,5108.0,18.0,590.0,Digital Wallet,5.0
2022-11-22,56-65,TX,Other,High,Affiliates,Electronics,Smartphones,Apple,iPhone 14,949.0,700.0,3.0,1.41,2847.0,18.0,730.0,Credit Card,4.0
2022-11-22,46-55,OH,Male,Low,Others,Clothing,Jeans,Levis,Bootcut,108.0,100.0,3.0,1.28,323.0,8.0,15.0,Credit Card,4.0
2022-11-22,36-45,NY,Male,Middle,PPC,Electronics,Laptops,Apple Laptop,MacBook Pro M2,1271.0,1200.0,2.0,0.65,2543.0,22.0,121.0,Digital Wallet,3.0
2022-11-22,46-55,IL,Other,Low,Organic,Electronics,Laptops,Apple Laptop,MacBook Air M1,995.0,900.0,2.0,1.34,1989.0,21.0,169.0,Credit Card,5.0
2022-11-22,26-35,GA,Male,Middle,Affiliates,Beauty,Makeup,Maybelline,Fit Me Foundation,20.0,15.0,6.0,1.24,118.0,5.0,22.0,Digital Wallet,5.0
2022-11-22,36-45,NY,Male,Middle,App,Home,Furniture,Ashley Furniture,Bed Frame,245.0,100.0,2.0,0.96,490.0,26.0,264.0,Debit Card,5.0
2022-11-22,46-55,TX,Female,Middle,Email,Home,Beds,Serta,iComfort,2316.0,1900.0,2.0,0.98,4632.0,27.0,805.0,Debit Card,5.0
2022-11-22,26-35,NY,Male,Low,App,Electronics,Laptops,Dell,XPS,1497.0,1300.0,1.0,1.65,1497.0,14.0,184.0,Debit Card,2.0
2022-11-22,18-25,OH,Female,Middle,App,Home,Beds,Tempur-Pedic,Cloud Supreme,1890.0,1800.0,1.0,1.99,1890.0,15.0,74.0,Debit Card,4.0
2022-11-22,26-35,NY,Male,Low,Organic,Electronics,Smartphones,Samsung,Galaxy Z Fold 5,1609.0,1500.0,2.0,1.98,3219.0,16.0,203.0,Debit Card,4.0
2022-11-22,66+,TX,Male,High,Organic,Home,Furniture,Ashley Furniture,Sofa,402.0,300.0,1.0,2.0,402.0,13.0,89.0,Debit Card,4.0
2022-11-22,36-45,MI,Male,Low,Others,Home,Furniture,IKEA,Billy Bookcase,108.0,100.0,2.0,1.19,216.0,25.0,-9.0,Credit Card,7.0
2022-11-22,36-45,GA,Male,Low,App,Home,Furniture,IKEA,Billy Bookcase,161.0,100.0,2.0,1.18,321.0,22.0,99.0,Digital Wallet,5.0
2022-11-22,18-25,CA,Male,Low,App,Beauty,Makeup,Maybelline,Lash Sensational Mascara,15.0,10.0,1.0,1.24,15.0,3.0,2.0,BNPL,2.0
2022-11-22,26-35,NC,Female,High,App,Home,Furniture,IKEA,Billy Bookcase,160.0,100.0,1.0,1.33,160.0,17.0,43.0,BNPL,6.0
2022-11-22,36-45,TX,Female,Low,Others,Clothing,T-Shirts,Nike,Sportswear,40.0,25.0,4.0,1.28,159.0,8.0,51.0,Credit Card,5.0
2022-11-22,26-35,TX,Female,High,App,Home,Beds,Serta,Perfect Sleeper,879.0,750.0,1.0,1.27,879.0,15.0,114.0,Debit Card,4.0
2022-11-22,18-25,OH,Female,Middle,Others,Electronics,Laptops,HP,Pavilion,738.0,600.0,1.0,1.64,738.0,11.0,126.0,Credit Card,4.0
2022-11-22,36-45,CA,Male,Middle,Email,Home,Furniture,Ashley Furniture,Sofa,427.0,300.0,2.0,1.34,854.0,21.0,233.0,Credit Card,4.0
2022-11-22,36-45,OH,Female,High,PPC,Clothing,Jeans,Wrangler,Regular Fit,54.0,35.0,3.0,0.53,161.0,8.0,48.0,Debit Card,5.0
2022-11-22,46-55,CA,Other,Middle,App,Electronics,Smartphones,Apple,iPhone 14,916.0,700.0,3.0,1.54,2749.0,16.0,633.0,Debit Card,4.0
2022-11-22,46-55,NC,Female,Middle,Others,Electronics,Laptops,HP,Pavilion,727.0,600.0,2.0,1.79,1455.0,23.0,232.0,Digital Wallet,5.0
2022-11-22,26-35,NC,Male,Middle,App,Home,Beds,Tempur-Pedic,Contour Elite,1788.0,1700.0,2.0,1.17,3576.0,31.0,145.0,Credit Card,7.0
2022-11-22,26-35,TX,Female,Low,App,Electronics,Laptops,Apple Laptop,MacBook Air M1,982.0,900.0,2.0,0.81,1965.0,19.0,146.0,Digital Wallet,3.0
2022-11-22,26-35,IL,Male,High,App,Home,Furniture,Ashley Furniture,Sofa,433.0,300.0,2.0,1.57,866.0,25.0,241.0,Credit Card,4.0
2022-11-22,18-25,CA,Male,Low,Organic,Electronics,Smartphones,Apple,iPhone 15,1086.0,800.0,1.0,1.09,1086.0,6.0,280.0,Debit Card,3.0
2022-11-22,18-25,CA,Other,High,Organic,Electronics,Smartphones,Apple,iPhone 14,916.0,700.0,3.0,1.96,2747.0,16.0,631.0,Digital Wallet,4.0
2022-11-22,56-65,PA,Male,Low,Email,Home,Furniture,IKEA,Kallax Shelf,64.0,60.0,1.0,1.51,64.0,14.0,-11.0,Digital Wallet,4.0
2022-11-22,26-35,NY,Male,Middle,Others,Clothing,Jeans,Levis,501 Original,83.0,60.0,2.0,0.7,165.0,9.0,36.0,Credit Card,4.0
2022-11-22,66+,GA,Male,Low,Email,Beauty,Makeup,Maybelline,Fit Me Foundation,20.0,15.0,5.0,1.3,101.0,5.0,21.0,Credit Card,5.0
2022-11-22,46-55,FL,Male,Middle,Email,Electronics,Smartphones,Apple,iPhone 14,927.0,700.0,2.0,1.47,1855.0,14.0,441.0,Debit Card,5.0
2022-11-22,46-55,TX,Female,Low,Affiliates,Clothing,T-Shirts,Adidas,Performance,74.0,45.0,1.0,0.71,74.0,4.0,25.0,Debit Card,2.0
2022-11-22,46-55,TX,Other,Low,PPC,Home,Beds,Serta,iComfort,2226.0,1900.0,2.0,1.87,4452.0,27.0,626.0,BNPL,4.0
2022-11-22,36-45,PA,Male,Middle,App,Home,Furniture,Ashley Furniture,Bed Frame,230.0,100.0,15.0,1.53,3455.0,154.0,1800.0,Digital Wallet,12.0
2022-11-22,26-35,NC,Male,Low,App,Electronics,Smartphones,Apple,iPhone 14,935.0,700.0,2.0,1.77,1870.0,17.0,453.0,Credit Card,5.0
2022-11-22,66+,NY,Male,High,Organic,Electronics,Smartphones,Apple,iPhone 15,1037.0,800.0,2.0,0.92,2074.0,16.0,458.0,Debit Card,4.0
2022-11-22,66+,TX,Female,Middle,App,Clothing,T-Shirts,Adidas,Performance,76.0,45.0,2.0,0.67,151.0,5.0,56.0,Digital Wallet,3.0
2022-11-22,26-35,FL,Male,Middle,Affiliates,Clothing,Jeans,Levis,Bootcut,116.0,100.0,1.0,1.75,116.0,5.0,11.0,Credit Card,3.0
2022-11-22,56-65,NY,Female,Middle,PPC,Home,Furniture,IKEA,Billy Bookcase,166.0,100.0,2.0,0.92,331.0,26.0,105.0,Credit Card,6.0
2022-11-22,18-25,TX,Female,Low,Others,Electronics,Smartphones,Apple,iPhone 15,1004.0,800.0,3.0,1.89,3011.0,18.0,593.0,Digital Wallet,5.0
2022-11-22,36-45,GA,Other,Middle,Organic,Clothing,T-Shirts,Adidas,Performance,55.0,45.0,5.0,1.32,276.0,8.0,43.0,Debit Card,11.0
2022-11-22,18-25,PA,Female,Middle,Affiliates,Home,Furniture,IKEA,Kallax Shelf,81.0,60.0,2.0,1.68,163.0,24.0,19.0,Digital Wallet,6.0
2022-11-22,18-25,OH,Female,Middle,Affiliates,Home,Furniture,IKEA,Billy Bookcase,139.0,100.0,2.0,1.39,278.0,23.0,55.0,Credit Card,6.0
2022-11-22,26-35,FL,Female,High,PPC,Electronics,Smartphones,Apple,iPhone 15,1045.0,800.0,3.0,1.58,3134.0,19.0,715.0,Digital Wallet,6.0
2022-11-22,66+,GA,Female,Low,Organic,Home,Beds,Tempur-Pedic,Cloud Supreme,1897.0,1800.0,2.0,0.93,3794.0,26.0,168.0,BNPL,5.0
2022-11-22,36-45,PA,Female,Middle,Organic,Clothing,Jeans,Levis,Bootcut,128.0,100.0,2.0,1.05,255.0,7.0,48.0,Digital Wallet,3.0
2022-11-22,18-25,FL,Male,Middle,App,Home,Beds,Serta,iComfort,2365.0,1900.0,1.0,1.59,2365.0,16.0,449.0,Digital Wallet,4.0
2022-11-22,36-45,TX,Other,Low,Email,Beauty,Makeup,Maybelline,Fit Me Foundation,18.0,15.0,4.0,0.6,72.0,5.0,6.0,Credit Card,6.0
2022-11-22,26-35,PA,Other,Middle,Email,Beauty,Makeup,Maybelline,Fit Me Foundation,19.0,15.0,5.0,0.8,96.0,7.0,13.0,Digital Wallet,5.0
2022-11-22,36-45,MI,Male,High,Email,Clothing,Jeans,Levis,Bootcut,100.0,100.0,2.0,0.94,199.0,8.0,-9.0,Credit Card,5.0
2022-11-22,36-45,FL,Male,Low,PPC,Electronics,Smartphones,Apple,iPhone 15,1044.0,800.0,3.0,0.91,3132.0,19.0,713.0,Digital Wallet,4.0
2022-11-22,26-35,IL,Male,Low,Organic,Electronics,Smartphones,Samsung,Galaxy A32,285.0,250.0,2.0,1.6,570.0,15.0,55.0,Debit Card,4.0
2022-11-22,18-25,CA,Other,Low,Organic,Home,Furniture,IKEA,Billy Bookcase,117.0,100.0,14.0,1.25,1637.0,141.0,96.0,Digital Wallet,10.0
2022-11-22,56-65,FL,Male,Low,PPC,Beauty,Skincare,Neutrogena,Rapid Wrinkle Repair,28.0,20.0,2.0,0.53,55.0,5.0,10.0,Debit Card,4.0
2022-11-22,18-25,NY,Male,Middle,App,Beauty,Makeup,Maybelline,Fit Me Foundation,24.0,15.0,4.0,1.5,96.0,8.0,28.0,Digital Wallet,4.0
2022-11-22,36-45,CA,Other,Low,Email,Home,Furniture,IKEA,Kallax Shelf,69.0,60.0,1.0,1.76,69.0,11.0,-2.0,Digital Wallet,5.0
2022-11-22,36-45,MI,Male,Middle,App,Clothing,Jeans,Wrangler,Authentics,44.0,30.0,2.0,1.1,89.0,8.0,21.0,Debit Card,5.0
2022-11-22,36-45,TX,Female,High,Email,Beauty,Skincare,Neutrogena,Hydro Boost Gel,25.0,20.0,4.0,1.21,100.0,6.0,14.0,Credit Card,5.0
2022-11-22,66+,TX,Male,Low,Organic,Home,Furniture,IKEA,Billy Bookcase,132.0,100.0,2.0,1.92,264.0,23.0,41.0,Digital Wallet,6.0
2022-11-22,46-55,PA,Other,Low,Email,Home,Furniture,IKEA,Billy Bookcase,165.0,100.0,2.0,0.84,330.0,24.0,106.0,Digital Wallet,9.0
2022-11-22,18-25,GA,Female,Low,PPC,Beauty,Makeup,Maybelline,Lash Sensational Mascara,14.0,10.0,2.0,1.56,28.0,3.0,5.0,Debit Card,3.0
2022-11-22,66+,TX,Female,Middle,Email,Beauty,Makeup,Maybelline,Lash Sensational Mascara,15.0,10.0,4.0,1.93,61.0,5.0,16.0,Credit Card,4.0
2022-11-22,36-45,NC,Male,Middle,Others,Electronics,Smartphones,Apple,iPhone 14,969.0,700.0,1.0,1.42,969.0,12.0,257.0,Credit Card,4.0
2022-11-22,56-65,CA,Other,Middle,Affiliates,Electronics,Smartphones,Samsung,Galaxy A32,299.0,250.0,2.0,1.66,598.0,11.0,87.0,BNPL,3.0
2022-11-22,46-55,NC,Male,Low,Organic,Electronics,Laptops,HP,Envy,812.0,700.0,1.0,0.99,812.0,15.0,97.0,Digital Wallet,7.0
2022-11-22,66+,PA,Female,Low,Email,Electronics,Smartphones,Apple,iPhone SE,519.0,400.0,1.0,1.31,519.0,9.0,109.0,Credit Card,4.0
2022-11-22,18-25,TX,Female,High,Email,Home,Furniture,IKEA,Kallax Shelf,82.0,60.0,2.0,1.59,165.0,23.0,22.0,BNPL,6.0
2022-11-22,36-45,PA,Other,Low,App,Home,Furniture,IKEA,Kallax Shelf,66.0,60.0,1.0,1.14,66.0,14.0,-8.0,Debit Card,5.0
2022-11-22,36-45,CA,Male,Low,Organic,Home,Beds,Serta,iComfort,2082.0,1900.0,1.0,1.33,2082.0,13.0,169.0,Debit Card,2.0
2022-11-22,56-65,NC,Male,Low,Affiliates,Electronics,Laptops,HP,Pavilion,775.0,600.0,2.0,1.99,1550.0,23.0,327.0,Credit Card,4.0
2022-11-22,26-35,TX,Male,Low,Organic,Home,Furniture,IKEA,Kallax Shelf,75.0,60.0,2.0,1.81,149.0,23.0,6.0,Credit Card,4.0
2022-11-22,26-35,NY,Female,Middle,Affiliates,Electronics,Laptops,Dell,XPS,1449.0,1300.0,2.0,1.0,2897.0,22.0,275.0,Debit Card,4.0
2022-11-22,26-35,TX,Other,Middle,Others,Beauty,Makeup,Maybelline,Fit Me Foundation,17.0,15.0,2.0,1.0,34.0,4.0,-0.0,Digital Wallet,3.0
2022-11-22,36-45,PA,Other,Middle,Email,Electronics,Laptops,Dell,XPS,1513.0,1300.0,1.0,1.03,1513.0,12.0,200.0,Digital Wallet,4.0
2022-11-22,66+,CA,Male,Middle,Affiliates,Clothing,T-Shirts,Nike,Dry-FIT,22.0,20.0,3.0,1.43,65.0,4.0,1.0,Digital Wallet,2.0
2022-11-22,46-55,CA,Female,Middle,Organic,Clothing,T-Shirts,Nike,Dry-FIT,30.0,20.0,3.0,0.88,90.0,4.0,26.0,Debit Card,3.0
2022-11-22,46-55,CA,Male,Middle,Email,Beauty,Makeup,Revlon,ColorStay Lipstick,20.0,15.0,2.0,0.76,39.0,3.0,6.0,Credit Card,3.0
2022-11-22,46-55,IL,Female,Middle,Email,Clothing,Jeans,Levis,Slim Fit,70.0,50.0,1.0,0.83,70.0,6.0,14.0,Digital Wallet,4.0
2022-11-22,36-45,MI,Male,Low,Others,Home,Beds,Tempur-Pedic,Contour Elite,1850.0,1700.0,2.0,1.27,3701.0,29.0,272.0,Credit Card,5.0
2022-11-22,18-25,FL,Female,Middle,PPC,Beauty,Makeup,Maybelline,Fit Me Foundation,19.0,15.0,3.0,0.71,57.0,6.0,7.0,Digital Wallet,4.0
2022-11-22,26-35,NC,Male,High,Email,Electronics,Smartphones,Apple,iPhone 14,874.0,700.0,2.0,0.59,1748.0,17.0,331.0,Credit Card,5.0
2022-11-22,66+,FL,Female,Middle,App,Electronics,Smartphones,Apple,iPhone 14,933.0,700.0,3.0,0.79,2799.0,19.0,680.0,Debit Card,4.0
2022-11-22,46-55,GA,Female,Middle,Organic,Electronics,Smartphones,Apple,iPhone 15,984.0,800.0,3.0,1.02,2951.0,17.0,534.0,Debit Card,6.0
2022-11-22,56-65,FL,Male,Middle,Affiliates,Electronics,Laptops,Dell,XPS,1556.0,1300.0,2.0,0.94,3112.0,20.0,492.0,Digital Wallet,4.0
2022-11-22,46-55,NC,Female,Middle,App,Beauty,Makeup,Maybelline,Fit Me Foundation,19.0,15.0,1.0,1.33,19.0,7.0,-3.0,Credit Card,3.0
2022-11-22,56-65,TX,Female,Low,App,Home,Furniture,Ashley Furniture,Sofa,436.0,300.0,1.0,1.7,436.0,13.0,123.0,Credit Card,7.0
2022-11-22,26-35,TX,Other,Low,Affiliates,Home,Beds,Tempur-Pedic,Cloud Supreme,1966.0,1800.0,15.0,1.97,29486.0,183.0,2303.0,Digital Wallet,12.0
2022-11-22,56-65,MI,Other,Middle,Organic,Home,Beds,Serta,Perfect Sleeper,862.0,750.0,2.0,0.96,1724.0,29.0,194.0,Credit Card,5.0
2022-11-22,18-25,NC,Other,High,PPC,Beauty,Skincare,Neutrogena,Oil-Free Acne Wash,17.0,15.0,2.0,1.6,35.0,8.0,-3.0,Debit Card,6.0
2022-11-22,46-55,TX,Male,Middle,Affiliates,Beauty,Skincare,Neutrogena,Hydro Boost Gel,18.0,20.0,4.0,1.17,72.0,6.0,-14.0,Credit Card,5.0
2022-11-22,56-65,CA,Female,Middle,Organic,Home,Beds,Serta,Perfect Sleeper,867.0,750.0,2.0,0.73,1734.0,25.0,209.0,Credit Card,5.0
2022-11-22,26-35,CA,Male,Low,Others,Electronics,Smartphones,Samsung,Galaxy S21,659.0,500.0,1.0,1.51,659.0,6.0,154.0,Digital Wallet,4.0
2022-11-22,66+,IL,Female,Low,Affiliates,Clothing,Jeans,Levis,Slim Fit,57.0,50.0,3.0,1.91,172.0,9.0,12.0,Digital Wallet,4.0
2022-11-22,26-35,TX,Male,Low,Affiliates,Home,Furniture,IKEA,Kallax Shelf,77.0,60.0,2.0,1.85,153.0,23.0,10.0,Debit Card,5.0
2022-11-22,26-35,CA,Male,Low,Others,Clothing,Jeans,Wrangler,Authentics,61.0,30.0,3.0,0.61,184.0,5.0,88.0,Digital Wallet,3.0
2022-11-22,36-45,FL,Other,High,Others,Beauty,Makeup,Revlon,ColorStay Lipstick,17.0,15.0,2.0,1.6,34.0,5.0,-1.0,BNPL,4.0
2022-11-22,46-55,NY,Male,Low,Affiliates,Electronics,Smartphones,Apple,iPhone SE,563.0,400.0,2.0,2.0,1125.0,16.0,310.0,Digital Wallet,5.0
2022-11-22,18-25,FL,Female,Middle,Email,Electronics,Smartphones,Apple,iPhone 15,991.0,800.0,2.0,1.5,1983.0,14.0,369.0,Debit Card,5.0
2022-11-22,66+,OH,Other,Middle,Organic,Beauty,Makeup,Maybelline,Fit Me Foundation,21.0,15.0,5.0,0.55,103.0,6.0,22.0,Credit Card,6.0
2022-11-22,36-45,NY,Female,Low,PPC,Home,Beds,Tempur-Pedic,Contour Elite,1717.0,1700.0,1.0,1.63,1717.0,18.0,-1.0,Credit Card,4.0
2022-11-22,26-35,TX,Male,Middle,Affiliates,Electronics,Laptops,Dell,Inspiron,798.0,600.0,1.0,0.7,798.0,11.0,188.0,Credit Card,3.0
2022-11-22,18-25,NY,Male,High,Organic,Electronics,Smartphones,Samsung,Galaxy Z Fold 5,1648.0,1500.0,3.0,0.98,4943.0,21.0,422.0,BNPL,7.0
2022-11-22,56-65,MI,Male,Middle,Affiliates,Home,Furniture,IKEA,Billy Bookcase,136.0,100.0,1.0,0.61,136.0,15.0,21.0,Debit Card,5.0
2022-11-22,26-35,TX,Other,Middle,Others,Home,Beds,Tempur-Pedic,Cloud Supreme,1992.0,1800.0,2.0,1.17,3985.0,27.0,358.0,Debit Card,5.0
2022-11-22,26-35,CA,Male,Low,Others,Electronics,Smartphones,Apple,iPhone 15,1083.0,800.0,1.0,1.62,1083.0,6.0,277.0,Digital Wallet,2.0
2022-11-22,18-25,GA,Female,Middle,PPC,Home,Furniture,IKEA,Billy Bookcase,127.0,100.0,1.0,1.74,127.0,12.0,15.0,Credit Card,5.0
2022-11-22,46-55,MI,Other,Middle,Affiliates,Electronics,Smartphones,Samsung,Galaxy Z Fold 5,1580.0,1500.0,3.0,1.66,4741.0,20.0,220.0,BNPL,5.0
2022-11-22,36-45,CA,Other,Low,Organic,Home,Furniture,IKEA,Kallax Shelf,65.0,60.0,2.0,1.66,129.0,21.0,-12.0,Debit Card,5.0
2022-11-22,26-35,FL,Male,Middle,Affiliates,Clothing,Jeans,Levis,Bootcut,119.0,100.0,1.0,0.68,119.0,5.0,14.0,Digital Wallet,5.0
2022-11-22,36-45,TX,Female,Low,App,Home,Beds,Tempur-Pedic,Cloud Supreme,1952.0,1800.0,2.0,1.05,3904.0,27.0,277.0,Credit Card,6.0
2022-11-22,36-45,IL,Male,Low,Affiliates,Clothing,T-Shirts,Nike,Sportswear,37.0,25.0,4.0,1.76,149.0,10.0,40.0,Credit Card,6.0
2022-11-22,56-65,NC,Female,Low,App,Home,Beds,Serta,Perfect Sleeper,873.0,750.0,2.0,0.89,1747.0,31.0,216.0,BNPL,5.0
2022-11-22,56-65,NY,Female,Middle,Others,Home,Furniture,IKEA,Kallax Shelf,75.0,60.0,1.0,1.69,75.0,16.0,-1.0,Credit Card,5.0
2022-11-22,18-25,MI,Female,Middle,Email,Home,Beds,Tempur-Pedic,Cloud Supreme,1921.0,1800.0,1.0,1.83,1921.0,17.0,104.0,Digital Wallet,4.0
2022-11-22,26-35,TX,Female,Middle,Organic,Beauty,Skincare,Neutrogena,Rapid Wrinkle Repair,26.0,20.0,4.0,1.11,103.0,6.0,18.0,Credit Card,2.0
2022-11-22,46-55,NC,Female,Middle,Affiliates,Beauty,Makeup,Maybelline,Fit Me Foundation,14.0,15.0,3.0,1.36,42.0,9.0,-12.0,Debit Card,5.0
2022-11-22,66+,IL,Male,Low,Organic,Clothing,T-Shirts,Adidas,Essentials,46.0,35.0,14.0,0.95,645.0,22.0,133.0,Credit Card,12.0
2022-11-22,66+,MI,Male,High,Organic,Clothing,Jeans,Wrangler,Regular Fit,49.0,35.0,3.0,0.73,148.0,10.0,34.0,BNPL,17.0
2022-11-22,26-35,NY,Male,Low,App,Home,Furniture,IKEA,Kallax Shelf,82.0,60.0,1.0,0.54,82.0,16.0,6.0,Credit Card,4.0
2022-11-22,56-65,GA,Male,High,Organic,Electronics,Smartphones,Apple,iPhone SE,578.0,400.0,2.0,1.14,1157.0,12.0,345.0,Credit Card,4.0
2022-11-22,18-25,TX,Female,High,App,Home,Beds,Tempur-Pedic,Cloud Supreme,1770.0,1800.0,11.0,1.49,19465.0,135.0,-470.0,Digital Wallet,9.0
2022-11-22,56-65,NC,Female,Middle,App,Home,Furniture,Ashley Furniture,Dining Table,295.0,200.0,2.0,1.2,589.0,27.0,163.0,Credit Card,6.0
2022-11-22,56-65,FL,Female,Low,Affiliates,Beauty,Makeup,Maybelline,Lash Sensational Mascara,11.0,10.0,6.0,0.84,68.0,7.0,0.0,Digital Wallet,6.0
2022-11-22,46-55,NY,Male,Middle,Organic,Beauty,Skincare,Neutrogena,Rapid Wrinkle Repair,36.0,20.0,2.0,0.64,72.0,7.0,25.0,BNPL,4.0
2022-11-22,46-55,TX,Female,High,Email,Home,Beds,Serta,Perfect Sleeper,877.0,750.0,2.0,1.52,1754.0,27.0,228.0,Digital Wallet,5.0
2022-11-22,36-45,IL,Female,High,Others,Home,Beds,Serta,iComfort,2217.0,1900.0,2.0,0.58,4433.0,29.0,604.0,Credit Card,5.0
2022-11-22,46-55,NY,Male,Middle,PPC,Home,Furniture,IKEA,Billy Bookcase,109.0,100.0,2.0,1.87,218.0,26.0,-8.0,Credit Card,5.0
2022-11-22,36-45,FL,Female,Middle,Others,Clothing,Jeans,Levis,501 Original,83.0,60.0,1.0,0.77,83.0,5.0,18.0,Digital Wallet,3.0
2022-11-22,36-45,NC,Male,High,Organic,Home,Beds,Serta,iComfort,2187.0,1900.0,1.0,0.89,2187.0,19.0,268.0,BNPL,6.0
2022-11-22,18-25,FL,Male,Middle,Affiliates,Electronics,Laptops,Dell,XPS,1483.0,1300.0,1.0,1.85,1483.0,12.0,171.0,Digital Wallet,5.0
2022-11-22,56-65,OH,Other,High,Organic,Home,Furniture,Ashley Furniture,Dining Table,334.0,200.0,2.0,1.68,669.0,23.0,246.0,Credit Card,5.0
2022-11-22,26-35,FL,Female,Middle,Email,Home,Beds,Tempur-Pedic,Contour Elite,1779.0,1700.0,2.0,0.86,3558.0,28.0,130.0,Digital Wallet,4.0
2022-11-22,26-35,PA,Female,Middle,App,Electronics,Smartphones,Samsung,Galaxy S21,659.0,500.0,2.0,0.66,1319.0,14.0,305.0,Credit Card,3.0
2022-11-22,26-35,MI,Female,Middle,Organic,Beauty,Makeup,Maybelline,Lash Sensational Mascara,13.0,10.0,2.0,0.83,26.0,6.0,-0.0,Credit Card,4.0
2022-11-22,36-45,FL,Male,High,Organic,Home,Furniture,IKEA,Billy Bookcase,110.0,100.0,3.0,1.07,331.0,34.0,-3.0,Digital Wallet,6.0
2022-11-22,26-35,PA,Female,Middle,Organic,Clothing,Jeans,Levis,Bootcut,92.0,100.0,3.0,2.0,276.0,9.0,-33.0,Digital Wallet,4.0
2022-11-22,36-45,PA,Male,High,Affiliates,Electronics,Smartphones,Samsung,Galaxy A32,323.0,250.0,2.0,1.38,646.0,14.0,132.0,Debit Card,4.0
2022-11-22,56-65,IL,Male,Middle,Organic,Electronics,Laptops,Apple Laptop,MacBook Air M1,1006.0,900.0,1.0,1.68,1006.0,13.0,93.0,Debit Card,4.0
2022-11-22,26-35,GA,Female,Middle,PPC,Beauty,Makeup,Revlon,PhotoReady Concealer,18.0,12.0,2.0,0.64,36.0,3.0,9.0,Credit Card,3.0
2022-11-22,26-35,CA,Male,Low,PPC,Home,Beds,Tempur-Pedic,Contour Elite,1762.0,1700.0,2.0,1.85,3524.0,25.0,99.0,Digital Wallet,2.0
2022-11-22,56-65,TX,Male,Middle,Affiliates,Beauty,Makeup,Revlon,ColorStay Lipstick,20.0,15.0,3.0,1.04,59.0,5.0,10.0,Debit Card,4.0
2022-11-22,26-35,OH,Female,Low,Organic,Beauty,Skincare,Neutrogena,Oil-Free Acne Wash,20.0,15.0,2.0,1.66,40.0,5.0,6.0,Digital Wallet,3.0
2022-11-22,26-35,CA,Other,Middle,Email,Home,Beds,Serta,Perfect Sleeper,853.0,750.0,1.0,0.62,853.0,13.0,90.0,Credit Card,3.0
2022-11-22,36-45,OH,Female,Low,App,Home,Beds,Tempur-Pedic,Contour Elite,1867.0,1700.0,1.0,1.4,1867.0,15.0,152.0,Debit Card,4.0
2022-11-22,26-35,CA,Male,Middle,Email,Home,Furniture,IKEA,Kallax Shelf,65.0,60.0,2.0,1.82,130.0,21.0,-10.0,Credit Card,4.0
2022-11-22,56-65,CA,Female,Middle,Organic,Beauty,Makeup,Revlon,PhotoReady Concealer,16.0,12.0,3.0,1.92,47.0,3.0,8.0,Digital Wallet,4.0
2022-11-22,56-65,NY,Female,Middle,Organic,Home,Furniture,IKEA,Kallax Shelf,88.0,60.0,2.0,1.2,176.0,26.0,30.0,Digital Wallet,7.0
2022-11-22,26-35,TX,Female,Middle,Organic,Beauty,Makeup,Maybelline,Fit Me Foundation,22.0,15.0,1.0,1.53,22.0,3.0,3.0,Credit Card,3.0
2022-11-22,26-35,TX,Male,Middle,PPC,Home,Beds,Serta,iComfort,2254.0,1900.0,2.0,1.44,4507.0,27.0,681.0,BNPL,5.0
2022-11-22,36-45,CA,Female,Middle,Affiliates,Home,Beds,Tempur-Pedic,Contour Elite,1863.0,1700.0,2.0,1.35,3726.0,25.0,302.0,Credit Card,3.0
2022-11-22,36-45,GA,Female,Middle,Affiliates,Electronics,Smartphones,Samsung,Galaxy Z Fold 5,1596.0,1500.0,2.0,1.95,3192.0,12.0,180.0,Debit Card,3.0
2022-11-22,26-35,TX,Male,Low,App,Electronics,Smartphones,Apple,iPhone SE,600.0,400.0,1.0,0.76,600.0,8.0,192.0,Credit Card,4.0
2022-11-22,56-65,IL,Male,Middle,Organic,Home,Furniture,Ashley Furniture,Bed Frame,225.0,100.0,1.0,0.59,225.0,15.0,110.0,Debit Card,6.0
2022-11-22,18-25,GA,Other,Low,Organic,Electronics,Laptops,Dell,Inspiron,783.0,600.0,2.0,0.91,1566.0,18.0,348.0,Digital Wallet,4.0
2022-11-22,66+,NC,Male,Middle,Organic,Clothing,Jeans,Levis,Slim Fit,69.0,50.0,3.0,1.73,206.0,11.0,45.0,Credit Card,5.0
2022-11-22,36-45,CA,Other,Middle,Organic,Home,Beds,Serta,Perfect Sleeper,857.0,750.0,1.0,1.54,857.0,13.0,95.0,BNPL,3.0
2022-11-22,56-65,PA,Male,Middle,Others,Home,Furniture,IKEA,Billy Bookcase,149.0,100.0,2.0,0.97,298.0,24.0,74.0,Digital Wallet,6.0
2022-11-22,26-35,CA,Other,Middle,Organic,Electronics,Laptops,Apple Laptop,MacBook Pro M3,1746.0,1500.0,1.0,0.82,1746.0,9.0,237.0,BNPL,3.0
2022-11-22,46-55,NC,Other,High,Email,Electronics,Laptops,Apple Laptop,MacBook Air M1,929.0,900.0,12.0,0.53,11151.0,103.0,249.0,Debit Card,11.0
2022-11-22,46-55,FL,Male,Low,Email,Beauty,Makeup,Maybelline,Lash Sensational Mascara,11.0,10.0,2.0,0.64,21.0,5.0,-4.0,Credit Card,4.0
2022-11-22,66+,CA,Male,High,Others,Electronics,Smartphones,Apple,iPhone 15,1029.0,800.0,1.0,1.34,1029.0,6.0,223.0,Debit Card,2.0
2022-11-22,66+,FL,Other,Middle,Affiliates,Electronics,Smartphones,Samsung,Galaxy S21,673.0,500.0,3.0,1.42,2018.0,19.0,500.0,Credit Card,5.0
2022-11-22,46-55,GA,Male,High,Affiliates,Home,Beds,Serta,iComfort,2057.0,1900.0,1.0,1.83,2057.0,14.0,144.0,BNPL,5.0
2022-11-22,36-45,NC,Male,High,Organic,Beauty,Makeup,Maybelline,Fit Me Foundation,23.0,15.0,2.0,1.5,46.0,8.0,8.0,Digital Wallet,4.0
2022-11-22,46-55,CA,Female,Low,Affiliates,Electronics,Laptops,Dell,Inspiron,794.0,600.0,2.0,1.44,1588.0,17.0,371.0,Digital Wallet,4.0
2022-11-22,56-65,NY,Female,Middle,Organic,Electronics,Smartphones,Apple,iPhone 15,1031.0,800.0,2.0,1.24,2062.0,16.0,447.0,Debit Card,5.0
2022-11-22,26-35,CA,Male,Low,PPC,Electronics,Laptops,HP,Envy,908.0,700.0,2.0,1.36,1816.0,17.0,399.0,Credit Card,2.0
