TransactionDate,CustomerAgeBucket,State,CustomerGender,CustomerIncomeGroup,MarketChannel,ProductCategory,ProductSubCategory,ProductBrand,ProductName,UnitCost,ProductCost,NumberOfUnits,DiscountRate,TotalCost,ShippingCost,Profit,PaymentMethod,DeliveryTime
2022-09-01,56-65,PA,Male,High,Organic,Electronics,Smartphones,Samsung,Galaxy Z Fold 5,1665.0,1500.0,1.0,1.97,1665.0,13.0,153.0,Debit Card,4.0
2022-09-01,46-55,CA,Male,High,Organic,Beauty,Makeup,Revlon,ColorStay Lipstick,20.0,15.0,3.0,1.07,60.0,6.0,9.0,Credit Card,2.0
2022-09-01,18-25,IL,Female,High,PPC,Home,Furniture,IKEA,Billy Bookcase,106.0,100.0,1.0,0.76,106.0,18.0,-12.0,Debit Card,5.0
2022-09-01,56-65,NY,Female,Middle,Organic,Home,Furniture,Ashley Furniture,Sofa,424.0,300.0,2.0,1.35,848.0,29.0,219.0,Debit Card,5.0
2022-09-01,56-65,IL,Female,Middle,Others,Electronics,Smartphones,Apple,iPhone 14,929.0,700.0,2.0,1.72,1858.0,18.0,440.0,Debit Card,5.0
2022-09-01,26-35,MI,Male,Low,Organic,Beauty,Skincare,Neutrogena,Rapid Wrinkle Repair,35.0,20.0,2.0,0.97,70.0,10.0,20.0,BNPL,6.0
2022-09-01,18-25,NC,Female,High,Organic,Electronics,Laptops,Dell,XPS,1549.0,1300.0,2.0,0.87,3099.0,26.0,472.0,Credit Card,5.0
2022-09-01,26-35,CA,Female,Middle,Affiliates,Home,Beds,Tempur-Pedic,Cloud Supreme,1903.0,1800.0,2.0,1.53,3807.0,28.0,179.0,Credit Card,2.0
2022-09-01,56-65,FL,Female,Middle,Organic,Clothing,Jeans,Levis,501 Original,95.0,60.0,2.0,0.73,189.0,10.0,59.0,Digital Wallet,4.0
2022-09-01,26-35,CA,Male,Low,PPC,Electronics,Smartphones,Samsung,Galaxy Z Fold 5,1708.0,1500.0,2.0,0.86,3415.0,14.0,401.0,Debit Card,3.0
2022-09-01,46-55,FL,Female,Middle,Organic,Beauty,Skincare,Neutrogena,Hydro Boost Gel,23.0,20.0,2.0,0.57,47.0,9.0,-2.0,BNPL,3.0
2022-09-01,26-35,TX,Male,Low,PPC,Electronics,Laptops,HP,Envy,856.0,700.0,1.0,0.83,856.0,14.0,142.0,Credit Card,6.0
2022-09-01,36-45,FL,Male,Middle,App,Electronics,Laptops,Dell,Inspiron,786.0,600.0,1.0,1.35,786.0,15.0,171.0,Debit Card,4.0
2022-09-01,26-35,FL,Male,Low,Organic,Beauty,Makeup,Maybelline,Lash Sensational Mascara,17.0,10.0,1.0,1.44,17.0,8.0,-1.0,Credit Card,3.0
2022-09-01,36-45,NC,Other,Middle,Organic,Electronics,Smartphones,Apple,iPhone 15,1066.0,800.0,3.0,1.16,3198.0,25.0,773.0,Credit Card,6.0
2022-09-01,66+,TX,Other,Low,Affiliates,Beauty,Makeup,Maybelline,Lash Sensational Mascara,15.0,10.0,3.0,1.71,45.0,8.0,7.0,Digital Wallet,3.0
2022-09-01,26-35,TX,Male,Low,Others,Home,Furniture,Ashley Furniture,Bed Frame,254.0,100.0,1.0,1.0,254.0,16.0,138.0,Digital Wallet,5.0
2022-09-01,66+,TX,Other,Middle,Organic,Beauty,Makeup,Revlon,PhotoReady Concealer,17.0,12.0,5.0,1.83,85.0,9.0,16.0,Digital Wallet,5.0
2022-09-01,46-55,TX,Male,High,Others,Electronics,Smartphones,Samsung,Galaxy A32,301.0,250.0,1.0,1.34,301.0,11.0,40.0,Digital Wallet,2.0
2022-09-01,36-45,CA,Other,Middle,Others,Beauty,Skincare,Neutrogena,Hydro Boost Gel,25.0,20.0,3.0,1.63,76.0,6.0,10.0,Credit Card,4.0
2022-09-01,18-25,IL,Male,Middle,Email,Beauty,Makeup,Revlon,ColorStay Lipstick,19.0,15.0,6.0,0.66,116.0,12.0,14.0,Debit Card,6.0
2022-09-01,26-35,PA,Other,Middle,PPC,Home,Beds,Tempur-Pedic,Cloud Supreme,2024.0,1800.0,2.0,1.28,4048.0,32.0,416.0,Credit Card,5.0
2022-09-01,18-25,NY,Male,Middle,Affiliates,Electronics,Smartphones,Samsung,Galaxy Z Fold 5,1791.0,1500.0,1.0,0.9,1791.0,14.0,277.0,Credit Card,5.0
2022-09-01,56-65,GA,Female,Middle,Organic,Home,Furniture,IKEA,Kallax Shelf,76.0,60.0,1.0,0.97,76.0,15.0,1.0,Digital Wallet,4.0
2022-09-01,26-35,PA,Male,Low,Others,Clothing,T-Shirts,Adidas,Performance,69.0,45.0,2.0,1.26,139.0,10.0,39.0,Debit Card,14.0
2022-09-01,36-45,NY,Other,Middle,App,Home,Beds,Tempur-Pedic,Contour Elite,1891.0,1700.0,1.0,1.94,1891.0,21.0,169.0,Credit Card,4.0
2022-09-01,56-65,PA,Other,Low,Affiliates,Electronics,Laptops,Apple Laptop,MacBook Pro M2,1451.0,1200.0,1.0,1.42,1451.0,16.0,235.0,Digital Wallet,4.0
2022-09-01,66+,CA,Female,Middle,PPC,Clothing,Jeans,Levis,501 Original,69.0,60.0,3.0,1.94,207.0,9.0,18.0,Credit Card,4.0
2022-09-01,66+,NY,Male,Middle,App,Beauty,Makeup,Maybelline,Lash Sensational Mascara,13.0,10.0,1.0,1.71,13.0,10.0,-7.0,Credit Card,4.0
2022-09-01,46-55,OH,Female,High,Email,Beauty,Makeup,Maybelline,Lash Sensational Mascara,16.0,10.0,10.0,0.69,159.0,13.0,47.0,Credit Card,8.0
2022-09-01,66+,FL,Female,Low,Affiliates,Home,Furniture,IKEA,Kallax Shelf,89.0,60.0,1.0,1.06,89.0,17.0,12.0,Credit Card,4.0
2022-09-01,26-35,OH,Male,Middle,Affiliates,Electronics,Laptops,Dell,XPS,1600.0,1300.0,1.0,0.9,1600.0,15.0,285.0,Credit Card,4.0
2022-09-01,18-25,FL,Male,Middle,Organic,Beauty,Makeup,Revlon,ColorStay Lipstick,19.0,15.0,5.0,0.99,97.0,10.0,12.0,Debit Card,5.0
2022-09-01,18-25,FL,Female,Low,PPC,Electronics,Smartphones,Samsung,Galaxy Z Fold 5,1790.0,1500.0,3.0,1.27,5371.0,22.0,849.0,Credit Card,13.0
2022-09-01,18-25,GA,Female,High,Affiliates,Home,Furniture,IKEA,Kallax Shelf,68.0,60.0,11.0,1.99,745.0,115.0,-30.0,Digital Wallet,10.0
2022-09-01,66+,OH,Male,Middle,App,Clothing,Jeans,Levis,Bootcut,120.0,100.0,1.0,1.58,120.0,8.0,12.0,Digital Wallet,3.0
2022-09-01,26-35,OH,Female,Middle,Email,Electronics,Smartphones,Apple,iPhone 15,1034.0,800.0,2.0,1.6,2069.0,17.0,452.0,Digital Wallet,3.0
2022-09-01,26-35,TX,Female,Middle,Email,Beauty,Makeup,Maybelline,Lash Sensational Mascara,13.0,10.0,3.0,0.77,40.0,8.0,3.0,Credit Card,4.0
2022-09-01,36-45,TX,Male,Middle,App,Home,Beds,Tempur-Pedic,Contour Elite,1832.0,1700.0,1.0,1.8,1832.0,18.0,114.0,Debit Card,5.0
2022-09-01,46-55,MI,Female,Middle,PPC,Electronics,Laptops,Apple Laptop,MacBook Pro M3,1818.0,1500.0,2.0,1.62,3636.0,25.0,612.0,Digital Wallet,4.0
2022-09-01,46-55,FL,Male,Middle,Others,Home,Furniture,Ashley Furniture,Dining Table,371.0,200.0,1.0,1.53,371.0,17.0,153.0,Digital Wallet,5.0
2022-09-01,18-25,MI,Male,Low,App,Clothing,T-Shirts,Adidas,Performance,72.0,45.0,4.0,1.81,289.0,13.0,96.0,Credit Card,6.0
2022-09-01,46-55,OH,Other,Middle,Email,Electronics,Smartphones,Apple,iPhone 14,971.0,700.0,3.0,1.83,2913.0,22.0,792.0,Credit Card,4.0
2022-09-01,66+,FL,Female,Middle,Affiliates,Beauty,Makeup,Revlon,ColorStay Lipstick,19.0,15.0,12.0,1.71,232.0,14.0,38.0,Debit Card,8.0
2022-09-01,36-45,CA,Male,Middle,Affiliates,Beauty,Skincare,Neutrogena,Hydro Boost Gel,26.0,20.0,1.0,0.93,26.0,5.0,1.0,BNPL,4.0
2022-09-01,46-55,IL,Male,High,Organic,Electronics,Smartphones,Samsung,Galaxy A32,324.0,250.0,4.0,1.75,1296.0,28.0,268.0,Debit Card,5.0
2022-09-01,26-35,CA,Female,Middle,Others,Electronics,Smartphones,Apple,iPhone 14,944.0,700.0,3.0,0.9,2833.0,19.0,714.0,BNPL,4.0
2022-09-01,26-35,TX,Other,Middle,Email,Beauty,Makeup,Maybelline,Lash Sensational Mascara,13.0,10.0,4.0,1.77,53.0,9.0,4.0,Debit Card,5.0
2022-09-01,46-55,CA,Female,Low,PPC,Electronics,Laptops,Apple Laptop,MacBook Air M1,1015.0,900.0,1.0,1.77,1015.0,12.0,103.0,BNPL,5.0
2022-09-01,18-25,PA,Male,Low,Others,Electronics,Smartphones,Samsung,Galaxy S21,753.0,500.0,1.0,1.6,753.0,13.0,240.0,BNPL,5.0
2022-09-01,18-25,CA,Male,High,App,Electronics,Laptops,Apple Laptop,MacBook Pro M3,1835.0,1500.0,1.0,0.61,1835.0,12.0,322.0,Digital Wallet,2.0
2022-09-01,26-35,FL,Female,Middle,Others,Clothing,Jeans,Wrangler,Authentics,56.0,30.0,2.0,1.05,112.0,10.0,41.0,Credit Card,4.0
2022-09-01,46-55,MI,Male,Low,Organic,Beauty,Skincare,Neutrogena,Hydro Boost Gel,23.0,20.0,2.0,1.05,45.0,10.0,-5.0,Credit Card,4.0
2022-09-01,26-35,CA,Male,Middle,PPC,Beauty,Makeup,Maybelline,Fit Me Foundation,17.0,15.0,6.0,0.53,102.0,8.0,4.0,Debit Card,5.0
2022-09-01,26-35,TX,Other,Low,Affiliates,Electronics,Laptops,Apple Laptop,MacBook Pro M3,1736.0,1500.0,1.0,1.85,1736.0,14.0,222.0,Credit Card,5.0
2022-09-01,46-55,FL,Female,High,Email,Clothing,Jeans,Wrangler,Regular Fit,57.0,35.0,1.0,1.14,57.0,9.0,14.0,Digital Wallet,3.0
2022-09-01,18-25,MI,Female,Middle,Others,Clothing,Jeans,Wrangler,Regular Fit,66.0,35.0,3.0,1.79,197.0,13.0,79.0,Debit Card,4.0
2022-09-01,46-55,OH,Female,Middle,Organic,Home,Furniture,Ashley Furniture,Bed Frame,243.0,100.0,1.0,1.69,243.0,17.0,126.0,Credit Card,6.0
2022-09-01,18-25,CA,Female,Middle,Affiliates,Electronics,Smartphones,Apple,iPhone 14,959.0,700.0,3.0,0.94,2878.0,19.0,759.0,Digital Wallet,8.0
2022-09-01,46-55,NY,Male,Middle,Affiliates,Electronics,Smartphones,Apple,iPhone SE,542.0,400.0,1.0,1.59,542.0,14.0,128.0,BNPL,5.0
2022-09-01,46-55,PA,Female,Low,Affiliates,Beauty,Makeup,Revlon,ColorStay Lipstick,22.0,15.0,1.0,1.6,22.0,8.0,-2.0,Debit Card,2.0
2022-09-01,56-65,NY,Female,Middle,Others,Home,Beds,Serta,Perfect Sleeper,925.0,750.0,2.0,1.44,1851.0,33.0,318.0,Credit Card,6.0
2022-09-01,36-45,CA,Male,Middle,App,Home,Furniture,IKEA,Billy Bookcase,139.0,100.0,1.0,1.25,139.0,14.0,25.0,Digital Wallet,4.0
2022-09-01,36-45,TX,Male,Low,Email,Home,Beds,Serta,iComfort,2231.0,1900.0,1.0,1.0,2231.0,18.0,312.0,Credit Card,5.0
2022-09-01,36-45,CA,Other,Middle,Affiliates,Electronics,Laptops,HP,Pavilion,709.0,600.0,1.0,1.49,709.0,12.0,97.0,Credit Card,2.0
2022-09-01,18-25,OH,Male,Middle,Affiliates,Clothing,Jeans,Levis,Slim Fit,74.0,50.0,2.0,1.7,148.0,10.0,39.0,Credit Card,3.0
2022-09-01,46-55,IL,Female,High,Email,Beauty,Skincare,Neutrogena,Rapid Wrinkle Repair,27.0,20.0,1.0,2.0,27.0,9.0,-2.0,Digital Wallet,3.0
2022-09-01,26-35,CA,Other,High,Organic,Clothing,Jeans,Levis,501 Original,78.0,60.0,10.0,1.59,780.0,19.0,161.0,Digital Wallet,12.0
2022-09-01,18-25,CA,Male,Middle,Organic,Beauty,Makeup,Revlon,PhotoReady Concealer,17.0,12.0,1.0,0.66,17.0,5.0,1.0,Digital Wallet,3.0
2022-09-01,56-65,FL,Male,High,Affiliates,Electronics,Laptops,HP,Pavilion,707.0,600.0,1.0,1.87,707.0,15.0,92.0,Debit Card,3.0
2022-09-01,36-45,CA,Male,High,Email,Home,Furniture,IKEA,Billy Bookcase,122.0,100.0,1.0,0.96,122.0,14.0,8.0,Digital Wallet,4.0
2022-09-01,66+,TX,Male,Middle,App,Home,Beds,Serta,iComfort,2200.0,1900.0,2.0,0.74,4400.0,30.0,570.0,Debit Card,5.0
2022-09-01,56-65,IL,Female,Middle,Affiliates,Beauty,Skincare,Neutrogena,Rapid Wrinkle Repair,22.0,20.0,2.0,0.9,44.0,10.0,-6.0,Debit Card,4.0
2022-09-01,56-65,NY,Other,Middle,Affiliates,Electronics,Laptops,HP,Pavilion,807.0,600.0,1.0,0.61,807.0,17.0,190.0,BNPL,4.0
2022-09-01,26-35,TX,Male,High,Email,Electronics,Smartphones,Samsung,Galaxy A32,343.0,250.0,2.0,1.29,687.0,16.0,171.0,Debit Card,4.0
2022-09-01,66+,CA,Female,Middle,App,Beauty,Makeup,Maybelline,Fit Me Foundation,13.0,15.0,2.0,1.02,27.0,5.0,-8.0,Digital Wallet,3.0
2022-09-01,26-35,IL,Male,Middle,Email,Electronics,Laptops,Apple Laptop,MacBook Air M1,999.0,900.0,2.0,1.79,1997.0,24.0,173.0,Credit Card,5.0
2022-09-01,66+,NC,Male,Middle,PPC,Clothing,Jeans,Wrangler,Authentics,54.0,30.0,1.0,1.09,54.0,12.0,13.0,Digital Wallet,3.0
2022-09-01,26-35,TX,Other,High,Organic,Beauty,Makeup,Maybelline,Fit Me Foundation,19.0,15.0,1.0,1.38,19.0,7.0,-3.0,Debit Card,2.0
2022-09-01,56-65,MI,Female,High,Organic,Clothing,T-Shirts,Nike,Sportswear,38.0,25.0,3.0,1.44,115.0,12.0,27.0,Digital Wallet,5.0
2022-09-02,56-65,CA,Male,Middle,App,Electronics,Smartphones,Samsung,Galaxy Z Fold 5,1704.0,1500.0,3.0,0.5,5112.0,17.0,595.0,BNPL,4.0
2022-09-02,26-35,GA,Other,Low,Others,Beauty,Makeup,Revlon,ColorStay Lipstick,22.0,15.0,5.0,1.87,108.0,6.0,27.0,Debit Card,5.0
2022-09-02,66+,NC,Female,Low,App,Beauty,Skincare,Neutrogena,Hydro Boost Gel,27.0,20.0,1.0,1.59,27.0,9.0,-2.0,Credit Card,4.0
2022-09-02,66+,TX,Male,Middle,PPC,Home,Furniture,IKEA,Billy Bookcase,160.0,100.0,1.0,1.61,160.0,14.0,46.0,Credit Card,4.0
2022-09-02,56-65,PA,Female,High,Affiliates,Clothing,Jeans,Wrangler,Authentics,53.0,30.0,2.0,1.83,106.0,9.0,37.0,BNPL,4.0
2022-09-02,56-65,OH,Other,Middle,Email,Beauty,Makeup,Maybelline,Fit Me Foundation,15.0,15.0,3.0,0.6,45.0,7.0,-6.0,Credit Card,5.0
2022-09-02,66+,NY,Female,Low,Organic,Clothing,T-Shirts,Adidas,Performance,73.0,45.0,4.0,1.01,290.0,12.0,98.0,Debit Card,6.0
2022-09-02,56-65,NY,Male,Middle,App,Beauty,Skincare,Neutrogena,Oil-Free Acne Wash,17.0,15.0,2.0,0.6,35.0,9.0,-4.0,BNPL,3.0
2022-09-02,56-65,IL,Female,Middle,App,Electronics,Smartphones,Samsung,Galaxy A32,335.0,250.0,1.0,1.07,335.0,11.0,74.0,Credit Card,5.0
2022-09-02,26-35,PA,Male,Low,PPC,Electronics,Smartphones,Samsung,Galaxy S21,715.0,500.0,1.0,1.52,715.0,11.0,204.0,Credit Card,4.0
2022-09-02,36-45,NY,Other,High,Organic,Home,Beds,Tempur-Pedic,Contour Elite,1964.0,1700.0,2.0,1.44,3928.0,31.0,496.0,Debit Card,4.0
2022-09-02,26-35,IL,Male,High,PPC,Electronics,Laptops,Apple Laptop,MacBook Pro M3,1726.0,1500.0,1.0,1.77,1726.0,14.0,212.0,Digital Wallet,3.0
2022-09-02,66+,CA,Female,Middle,App,Electronics,Laptops,Dell,XPS,1566.0,1300.0,2.0,1.43,3133.0,18.0,515.0,Debit Card,6.0
2022-09-02,46-55,NY,Male,Low,Affiliates,Electronics,Smartphones,Samsung,Galaxy Z Fold 5,1677.0,1500.0,2.0,1.73,3353.0,17.0,336.0,Credit Card,5.0
2022-09-02,26-35,NC,Other,High,Organic,Beauty,Makeup,Maybelline,Fit Me Foundation,19.0,15.0,5.0,0.52,96.0,11.0,10.0,Digital Wallet,5.0
2022-09-02,56-65,TX,Male,Low,PPC,Home,Beds,Serta,iComfort,2241.0,1900.0,2.0,0.89,4482.0,28.0,654.0,Digital Wallet,5.0
2022-09-02,36-45,OH,Male,Low,App,Beauty,Makeup,Maybelline,Fit Me Foundation,18.0,15.0,2.0,1.18,36.0,6.0,0.0,Digital Wallet,4.0
2022-09-02,18-25,NY,Female,High,Organic,Electronics,Smartphones,Apple,iPhone SE,571.0,400.0,2.0,1.18,1141.0,17.0,324.0,Credit Card,5.0
2022-09-02,26-35,NY,Female,High,App,Beauty,Makeup,Maybelline,Lash Sensational Mascara,17.0,10.0,2.0,1.83,34.0,9.0,5.0,Credit Card,4.0
2022-09-02,18-25,NC,Male,High,Organic,Clothing,T-Shirts,Adidas,Essentials,47.0,35.0,2.0,1.55,93.0,11.0,12.0,Digital Wallet,4.0
2022-09-02,18-25,FL,Female,Middle,Organic,Electronics,Laptops,Apple Laptop,MacBook Pro M2,1358.0,1200.0,2.0,0.75,2717.0,21.0,295.0,BNPL,4.0
2022-09-02,26-35,MI,Male,Low,App,Home,Furniture,Ashley Furniture,Bed Frame,242.0,100.0,1.0,1.62,242.0,17.0,125.0,Digital Wallet,5.0
2022-09-02,56-65,CA,Female,Low,App,Clothing,Jeans,Levis,501 Original,88.0,60.0,3.0,0.99,265.0,7.0,78.0,Credit Card,7.0
2022-09-02,56-65,MI,Male,Middle,PPC,Beauty,Skincare,Neutrogena,Hydro Boost Gel,24.0,20.0,2.0,0.84,48.0,8.0,-0.0,Credit Card,4.0
2022-09-02,26-35,PA,Male,Low,App,Beauty,Makeup,Revlon,ColorStay Lipstick,20.0,15.0,4.0,1.62,79.0,8.0,11.0,Debit Card,6.0
2022-09-02,18-25,CA,Other,Low,Organic,Beauty,Makeup,Maybelline,Fit Me Foundation,20.0,15.0,4.0,1.38,81.0,5.0,16.0,BNPL,4.0
2022-09-02,36-45,IL,Female,Middle,App,Beauty,Makeup,Maybelline,Fit Me Foundation,17.0,15.0,3.0,1.5,52.0,8.0,-1.0,Debit Card,5.0
2022-09-02,56-65,FL,Male,Middle,App,Beauty,Makeup,Maybelline,Lash Sensational Mascara,16.0,10.0,2.0,1.69,31.0,7.0,5.0,Credit Card,4.0
2022-09-02,36-45,FL,Male,High,Organic,Home,Furniture,IKEA,Kallax Shelf,41.0,60.0,1.0,1.62,41.0,15.0,-34.0,Digital Wallet,5.0
2022-09-02,36-45,IL,Female,High,App,Home,Furniture,IKEA,Billy Bookcase,139.0,100.0,2.0,1.4,277.0,26.0,51.0,Credit Card,5.0
2022-09-02,18-25,FL,Male,Middle,Organic,Beauty,Makeup,Maybelline,Lash Sensational Mascara,17.0,10.0,5.0,1.24,85.0,8.0,27.0,Digital Wallet,5.0
2022-09-02,26-35,IL,Other,High,Affiliates,Clothing,Jeans,Levis,Slim Fit,69.0,50.0,1.0,1.05,69.0,8.0,11.0,BNPL,3.0
2022-09-02,56-65,MI,Female,Middle,Organic,Beauty,Makeup,Revlon,PhotoReady Concealer,19.0,12.0,6.0,1.74,111.0,10.0,29.0,Debit Card,6.0
2022-09-02,36-45,IL,Female,Middle,Email,Beauty,Makeup,Revlon,PhotoReady Concealer,20.0,12.0,6.0,0.84,119.0,10.0,37.0,Credit Card,7.0
2022-09-02,18-25,TX,Female,Low,Affiliates,Beauty,Skincare,Neutrogena,Hydro Boost Gel,23.0,20.0,1.0,1.22,23.0,5.0,-2.0,Debit Card,2.0
2022-09-02,26-35,CA,Other,Middle,Others,Electronics,Smartphones,Samsung,Galaxy A32,323.0,250.0,1.0,1.49,323.0,7.0,66.0,Digital Wallet,4.0
2022-09-02,46-55,OH,Female,Middle,App,Beauty,Skincare,Neutrogena,Oil-Free Acne Wash,17.0,15.0,3.0,1.04,50.0,7.0,-2.0,Digital Wallet,4.0
2022-09-02,66+,TX,Other,Middle,Organic,Home,Furniture,IKEA,Kallax Shelf,66.0,60.0,2.0,1.04,131.0,24.0,-13.0,BNPL,5.0
2022-09-02,26-35,FL,Male,Middle,Affiliates,Beauty,Makeup,Revlon,ColorStay Lipstick,18.0,15.0,4.0,1.55,70.0,8.0,2.0,Credit Card,6.0
2022-09-02,66+,TX,Male,Low,App,Beauty,Makeup,Maybelline,Lash Sensational Mascara,17.0,10.0,2.0,0.78,34.0,6.0,8.0,Credit Card,3.0
2022-09-02,46-55,PA,Male,Middle,Organic,Beauty,Makeup,Revlon,PhotoReady Concealer,18.0,12.0,4.0,1.1,70.0,8.0,14.0,Credit Card,4.0
2022-09-02,36-45,IL,Male,Low,Others,Home,Beds,Tempur-Pedic,Contour Elite,1843.0,1700.0,2.0,1.23,3685.0,30.0,255.0,Debit Card,4.0
2022-09-02,66+,CA,Male,Middle,Affiliates,Electronics,Laptops,Apple Laptop,MacBook Pro M3,1781.0,1500.0,2.0,0.87,3563.0,18.0,544.0,BNPL,3.0
2022-09-02,46-55,PA,Female,Middle,App,Home,Furniture,IKEA,Kallax Shelf,62.0,60.0,1.0,1.72,62.0,16.0,-14.0,Debit Card,4.0
2022-09-02,46-55,GA,Female,Middle,Email,Clothing,Jeans,Wrangler,Authentics,55.0,30.0,2.0,0.82,110.0,6.0,44.0,BNPL,5.0
2022-09-02,26-35,IL,Female,Low,Affiliates,Beauty,Makeup,Maybelline,Lash Sensational Mascara,16.0,10.0,3.0,0.89,49.0,8.0,11.0,Digital Wallet,4.0
2022-09-02,26-35,NY,Other,Middle,Affiliates,Clothing,T-Shirts,Nike,Pro,42.0,30.0,1.0,1.23,42.0,9.0,4.0,Credit Card,3.0
2022-09-02,26-35,CA,Male,Middle,PPC,Home,Furniture,IKEA,Billy Bookcase,100.0,100.0,2.0,0.54,201.0,22.0,-22.0,Debit Card,5.0
2022-09-02,36-45,CA,Male,Low,App,Electronics,Smartphones,Apple,iPhone SE,559.0,400.0,2.0,1.18,1119.0,12.0,306.0,Credit Card,4.0
2022-09-02,66+,MI,Male,Middle,App,Clothing,T-Shirts,Nike,Dry-FIT,26.0,20.0,1.0,1.6,26.0,8.0,-2.0,BNPL,3.0
2022-09-02,36-45,TX,Female,Middle,App,Beauty,Makeup,Maybelline,Fit Me Foundation,18.0,15.0,4.0,0.79,73.0,7.0,6.0,Digital Wallet,5.0
2022-09-02,18-25,FL,Male,Low,Organic,Clothing,Jeans,Levis,Bootcut,121.0,100.0,1.0,0.55,121.0,7.0,14.0,Digital Wallet,3.0
2022-09-02,56-65,OH,Other,High,Email,Beauty,Skincare,Neutrogena,Hydro Boost Gel,28.0,20.0,2.0,0.97,55.0,6.0,9.0,Credit Card,4.0
2022-09-02,36-45,CA,Other,Middle,App,Home,Furniture,Ashley Furniture,Sofa,463.0,300.0,1.0,1.12,463.0,12.0,151.0,Debit Card,4.0
2022-09-02,46-55,NY,Female,Middle,Organic,Electronics,Smartphones,Samsung,Galaxy Z Fold 5,1750.0,1500.0,2.0,1.31,3501.0,17.0,484.0,Credit Card,4.0
2022-09-02,56-65,CA,Female,High,App,Electronics,Smartphones,Samsung,Galaxy S21,778.0,500.0,3.0,1.79,2334.0,17.0,816.0,Credit Card,3.0
2022-09-02,36-45,CA,Other,Middle,Organic,Electronics,Smartphones,Apple,iPhone SE,546.0,400.0,3.0,1.17,1639.0,17.0,422.0,Credit Card,4.0
2022-09-02,26-35,FL,Male,Middle,App,Beauty,Makeup,Revlon,PhotoReady Concealer,18.0,12.0,4.0,0.96,74.0,8.0,18.0,Debit Card,6.0
2022-09-02,18-25,OH,Female,Middle,App,Beauty,Makeup,Revlon,ColorStay Lipstick,22.0,15.0,5.0,1.02,108.0,8.0,25.0,Debit Card,4.0
2022-09-02,36-45,TX,Male,High,App,Beauty,Makeup,Revlon,ColorStay Lipstick,21.0,15.0,5.0,1.63,103.0,7.0,21.0,BNPL,6.0
2022-09-02,46-55,NY,Other,Middle,Organic,Beauty,Makeup,Maybelline,Fit Me Foundation,18.0,15.0,3.0,0.84,54.0,9.0,-0.0,Credit Card,4.0
2022-09-02,46-55,NY,Female,Low,Email,Electronics,Laptops,HP,Pavilion,792.0,600.0,2.0,1.4,1585.0,23.0,361.0,Credit Card,2.0
2022-09-02,18-25,CA,Male,Low,App,Beauty,Makeup,Maybelline,Lash Sensational Mascara,17.0,10.0,6.0,1.98,102.0,6.0,36.0,BNPL,4.0
2022-09-02,66+,TX,Female,Middle,Organic,Clothing,T-Shirts,Nike,Pro,57.0,30.0,4.0,0.6,228.0,9.0,99.0,Debit Card,6.0
2022-09-02,46-55,MI,Female,Middle,Affiliates,Beauty,Makeup,Maybelline,Fit Me Foundation,14.0,15.0,5.0,1.55,71.0,10.0,-14.0,Digital Wallet,5.0
2022-09-02,36-45,FL,Male,Middle,Email,Home,Furniture,IKEA,Billy Bookcase,154.0,100.0,1.0,0.76,154.0,15.0,39.0,Digital Wallet,5.0
2022-09-02,66+,CA,Female,Low,Email,Home,Beds,Tempur-Pedic,Cloud Supreme,2009.0,1800.0,2.0,1.79,4018.0,26.0,392.0,Credit Card,5.0
2022-09-02,26-35,NC,Other,High,Affiliates,Electronics,Smartphones,Samsung,Galaxy A32,337.0,250.0,2.0,0.98,674.0,18.0,155.0,Debit Card,4.0
2022-09-02,18-25,TX,Female,Low,Organic,Electronics,Smartphones,Samsung,Galaxy A32,330.0,250.0,1.0,0.62,330.0,9.0,71.0,Digital Wallet,2.0
2022-09-02,46-55,IL,Other,Low,Email,Clothing,T-Shirts,Nike,Sportswear,39.0,25.0,4.0,0.84,156.0,11.0,45.0,Credit Card,6.0
2022-09-02,26-35,CA,Male,Middle,Email,Beauty,Makeup,Maybelline,Lash Sensational Mascara,14.0,10.0,2.0,1.69,28.0,4.0,4.0,Credit Card,2.0
2022-09-02,26-35,IL,Female,High,Organic,Clothing,T-Shirts,Nike,Dry-FIT,35.0,20.0,1.0,1.69,35.0,8.0,8.0,Credit Card,3.0
2022-09-02,26-35,PA,Other,High,App,Beauty,Makeup,Maybelline,Lash Sensational Mascara,13.0,10.0,6.0,0.96,77.0,9.0,8.0,Credit Card,6.0
2022-09-02,46-55,TX,Female,Low,Others,Electronics,Smartphones,Apple,iPhone 15,1057.0,800.0,1.0,1.75,1057.0,9.0,248.0,Digital Wallet,6.0
2022-09-02,56-65,NY,Female,Middle,Organic,Beauty,Makeup,Maybelline,Fit Me Foundation,20.0,15.0,6.0,1.34,120.0,11.0,19.0,Credit Card,7.0
2022-09-02,26-35,NY,Male,High,Organic,Home,Furniture,IKEA,Billy Bookcase,132.0,100.0,1.0,1.53,132.0,17.0,14.0,Debit Card,6.0
2022-09-02,56-65,OH,Other,High,PPC,Beauty,Skincare,Neutrogena,Hydro Boost Gel,21.0,20.0,4.0,1.87,84.0,8.0,-3.0,Digital Wallet,5.0
2022-09-02,56-65,NY,Other,Middle,Email,Home,Furniture,IKEA,Kallax Shelf,78.0,60.0,1.0,1.83,78.0,17.0,1.0,Digital Wallet,5.0
2022-09-02,46-55,CA,Other,Middle,Email,Electronics,Smartphones,Apple,iPhone 14,985.0,700.0,2.0,0.77,1970.0,12.0,558.0,Credit Card,3.0
2022-09-02,36-45,NY,Male,Middle,App,Electronics,Smartphones,Apple,iPhone SE,567.0,400.0,1.0,0.97,567.0,12.0,155.0,Debit Card,3.0
2022-09-02,26-35,CA,Male,Middle,Email,Home,Furniture,IKEA,Kallax Shelf,60.0,60.0,2.0,1.39,120.0,22.0,-23.0,Digital Wallet,3.0
2022-09-02,18-25,NC,Other,Middle,PPC,Beauty,Makeup,Revlon,PhotoReady Concealer,18.0,12.0,4.0,0.89,72.0,11.0,14.0,Debit Card,6.0
2022-09-02,26-35,CA,Female,Low,App,Home,Beds,Tempur-Pedic,Contour Elite,1951.0,1700.0,1.0,0.71,1951.0,14.0,237.0,Digital Wallet,3.0
2022-09-02,56-65,IL,Male,Middle,Email,Home,Furniture,Ashley Furniture,Sofa,418.0,300.0,2.0,1.51,836.0,26.0,210.0,Credit Card,5.0
2022-09-02,46-55,FL,Female,Middle,Email,Electronics,Smartphones,Samsung,Galaxy Z Fold 5,1635.0,1500.0,3.0,1.99,4906.0,20.0,385.0,Credit Card,5.0
2022-09-02,36-45,MI,Other,High,App,Clothing,Jeans,Levis,Slim Fit,66.0,50.0,2.0,1.7,133.0,10.0,23.0,Debit Card,5.0
2022-09-02,56-65,CA,Male,Low,Organic,Beauty,Skincare,Neutrogena,Oil-Free Acne Wash,21.0,15.0,2.0,1.23,41.0,4.0,8.0,Debit Card,2.0
2022-09-02,46-55,PA,Male,Middle,Affiliates,Electronics,Smartphones,Samsung,Galaxy Z Fold 5,1715.0,1500.0,3.0,0.55,5144.0,21.0,624.0,Digital Wallet,4.0
2022-09-02,46-55,GA,Female,High,PPC,Beauty,Skincare,Neutrogena,Hydro Boost Gel,24.0,20.0,1.0,1.63,24.0,4.0,-1.0,Digital Wallet,4.0
2022-09-02,18-25,TX,Female,Middle,App,Beauty,Skincare,Neutrogena,Rapid Wrinkle Repair,29.0,20.0,4.0,1.37,114.0,7.0,27.0,Debit Card,4.0
2022-09-02,66+,PA,Male,High,Organic,Electronics,Laptops,Apple Laptop,MacBook Air M1,973.0,900.0,1.0,1.74,973.0,14.0,59.0,Digital Wallet,5.0
2022-09-02,56-65,FL,Female,Middle,Others,Beauty,Makeup,Maybelline,Lash Sensational Mascara,15.0,10.0,5.0,1.86,76.0,8.0,18.0,Credit Card,5.0
2022-09-02,46-55,OH,Male,Middle,Organic,Beauty,Makeup,Maybelline,Lash Sensational Mascara,14.0,10.0,3.0,0.61,43.0,7.0,7.0,Credit Card,3.0
2022-09-02,56-65,NY,Other,Middle,App,Clothing,T-Shirts,Nike,Pro,46.0,30.0,5.0,1.67,232.0,13.0,68.0,Debit Card,4.0
2022-09-02,18-25,PA,Male,Middle,Others,Home,Furniture,IKEA,Billy Bookcase,127.0,100.0,1.0,0.73,127.0,16.0,11.0,Debit Card,5.0
2022-09-02,18-25,NC,Female,High,Organic,Electronics,Laptops,Dell,Inspiron,735.0,600.0,1.0,0.6,735.0,16.0,119.0,Credit Card,4.0
2022-09-02,26-35,FL,Male,Middle,Others,Clothing,T-Shirts,Nike,Dry-FIT,30.0,20.0,3.0,0.51,90.0,9.0,21.0,Debit Card,5.0
2022-09-02,36-45,NY,Male,Middle,App,Clothing,Jeans,Levis,501 Original,86.0,60.0,1.0,1.22,86.0,9.0,18.0,Debit Card,3.0
2022-09-02,66+,NY,Male,Low,App,Home,Beds,Serta,Perfect Sleeper,914.0,750.0,1.0,0.7,914.0,19.0,145.0,Digital Wallet,7.0
2022-09-02,26-35,IL,Female,Low,Email,Beauty,Makeup,Maybelline,Lash Sensational Mascara,17.0,10.0,6.0,0.73,102.0,10.0,32.0,Digital Wallet,6.0
2022-09-02,56-65,GA,Other,Middle,Organic,Home,Furniture,IKEA,Kallax Shelf,95.0,60.0,2.0,1.05,189.0,23.0,46.0,Credit Card,7.0
2022-09-02,26-35,FL,Male,High,PPC,Electronics,Smartphones,Apple,iPhone 14,991.0,700.0,1.0,0.95,991.0,10.0,281.0,Debit Card,3.0
2022-09-02,56-65,FL,Female,Low,PPC,Clothing,Jeans,Levis,Slim Fit,72.0,50.0,12.0,0.52,862.0,23.0,239.0,Digital Wallet,9.0
2022-09-02,66+,OH,Other,High,Email,Electronics,Smartphones,Apple,iPhone SE,574.0,400.0,2.0,0.63,1147.0,15.0,333.0,Credit Card,4.0
2022-09-02,36-45,NY,Female,Middle,Email,Beauty,Skincare,Neutrogena,Oil-Free Acne Wash,18.0,15.0,2.0,1.31,37.0,9.0,-2.0,Digital Wallet,4.0
2022-09-02,36-45,MI,Male,Middle,App,Home,Beds,Serta,iComfort,2198.0,1900.0,2.0,1.8,4396.0,31.0,566.0,Credit Card,5.0
2022-09-02,26-35,TX,Female,High,Affiliates,Clothing,Jeans,Wrangler,Authentics,47.0,30.0,2.0,0.55,95.0,7.0,27.0,Debit Card,4.0
2022-09-02,56-65,CA,Male,Low,Organic,Electronics,Smartphones,Apple,iPhone 15,1047.0,800.0,3.0,0.9,3141.0,17.0,723.0,BNPL,4.0
2022-09-02,66+,NC,Male,Middle,Email,Electronics,Laptops,Dell,Inspiron,816.0,600.0,2.0,1.14,1632.0,24.0,408.0,Digital Wallet,5.0
2022-09-02,26-35,NY,Male,High,Others,Beauty,Makeup,Maybelline,Lash Sensational Mascara,16.0,10.0,5.0,0.61,81.0,10.0,20.0,Digital Wallet,6.0
2022-09-02,36-45,FL,Female,Low,Affiliates,Home,Beds,Serta,iComfort,2197.0,1900.0,2.0,1.57,4394.0,29.0,564.0,Digital Wallet,5.0
2022-09-02,18-25,NY,Female,Middle,App,Electronics,Smartphones,Samsung,Galaxy A32,351.0,250.0,2.0,0.9,702.0,17.0,184.0,Debit Card,5.0
2022-09-02,36-45,CA,Female,Middle,Organic,Electronics,Smartphones,Apple,iPhone 15,1030.0,800.0,3.0,1.31,3091.0,17.0,673.0,BNPL,2.0
2022-09-02,26-35,TX,Female,Low,Organic,Home,Beds,Tempur-Pedic,Contour Elite,1886.0,1700.0,1.0,1.19,1886.0,16.0,170.0,Digital Wallet,4.0
2022-09-02,46-55,TX,Female,High,App,Electronics,Laptops,Apple Laptop,MacBook Air M2,1241.0,1000.0,2.0,1.23,2481.0,20.0,461.0,Credit Card,9.0
2022-09-02,46-55,CA,Male,Middle,App,Home,Beds,Tempur-Pedic,Contour Elite,1892.0,1700.0,2.0,1.24,3784.0,26.0,358.0,Debit Card,4.0
2022-09-02,56-65,TX,Female,Middle,Organic,Home,Furniture,Ashley Furniture,Dining Table,342.0,200.0,1.0,0.58,342.0,14.0,128.0,Debit Card,5.0
2022-09-02,18-25,CA,Other,High,App,Beauty,Makeup,Maybelline,Fit Me Foundation,22.0,15.0,3.0,1.35,67.0,4.0,18.0,Credit Card,2.0
2022-09-02,46-55,CA,Male,Middle,Organic,Home,Furniture,IKEA,Kallax Shelf,74.0,60.0,2.0,0.75,148.0,22.0,6.0,Credit Card,3.0
2022-09-02,26-35,CA,Other,Middle,Others,Clothing,T-Shirts,Adidas,Performance,66.0,45.0,4.0,0.74,264.0,7.0,77.0,Digital Wallet,3.0
2022-09-02,66+,FL,Female,Low,Organic,Beauty,Skincare,Neutrogena,Oil-Free Acne Wash,18.0,15.0,3.0,0.81,53.0,7.0,0.0,Debit Card,5.0
2022-09-02,18-25,TX,Female,Middle,Email,Beauty,Makeup,Maybelline,Fit Me Foundation,20.0,15.0,2.0,1.8,40.0,6.0,5.0,Debit Card,4.0
2022-09-02,66+,TX,Male,Middle,PPC,Beauty,Makeup,Maybelline,Fit Me Foundation,14.0,15.0,5.0,0.95,69.0,7.0,-14.0,Credit Card,4.0
2022-09-02,36-45,FL,Male,Low,Organic,Electronics,Laptops,Apple Laptop,MacBook Pro M3,1699.0,1500.0,1.0,1.83,1699.0,13.0,186.0,Digital Wallet,3.0
2022-09-02,66+,MI,Other,Middle,Others,Electronics,Smartphones,Apple,iPhone 14,984.0,700.0,3.0,1.98,2952.0,22.0,830.0,Digital Wallet,5.0
2022-09-02,56-65,NC,Female,Low,PPC,Beauty,Skincare,Neutrogena,Hydro Boost Gel,25.0,20.0,4.0,0.92,99.0,11.0,8.0,Credit Card,5.0
2022-09-02,26-35,NY,Male,Middle,Organic,Beauty,Makeup,Revlon,PhotoReady Concealer,20.0,12.0,4.0,1.28,79.0,10.0,21.0,BNPL,3.0
2022-09-02,36-45,CA,Female,Middle,App,Beauty,Skincare,Neutrogena,Rapid Wrinkle Repair,35.0,20.0,1.0,0.81,35.0,3.0,12.0,Debit Card,2.0
2022-09-02,66+,IL,Male,Middle,Email,Electronics,Laptops,Apple Laptop,MacBook Pro M3,1770.0,1500.0,1.0,0.77,1770.0,14.0,256.0,Credit Card,3.0
2022-09-02,46-55,FL,Male,Middle,Others,Electronics,Laptops,Dell,XPS,1521.0,1300.0,1.0,0.68,1521.0,13.0,208.0,Credit Card,3.0
2022-09-02,66+,CA,Male,Middle,App,Electronics,Smartphones,Apple,iPhone 14,975.0,700.0,3.0,0.81,2924.0,17.0,807.0,Debit Card,5.0
2022-09-02,56-65,FL,Female,Middle,Email,Clothing,T-Shirts,Nike,Dry-FIT,41.0,20.0,2.0,0.59,82.0,8.0,34.0,Debit Card,3.0
2022-09-02,66+,FL,Other,High,Affiliates,Clothing,T-Shirts,Nike,Dry-FIT,29.0,20.0,3.0,1.65,86.0,9.0,17.0,Debit Card,5.0
2022-09-02,36-45,NY,Other,High,PPC,Electronics,Smartphones,Samsung,Galaxy A32,328.0,250.0,2.0,0.94,656.0,17.0,138.0,Credit Card,6.0
2022-09-02,46-55,CA,Other,Middle,Organic,Beauty,Makeup,Revlon,ColorStay Lipstick,20.0,15.0,6.0,1.39,122.0,6.0,26.0,Credit Card,6.0
2022-09-02,66+,CA,Male,Low,Affiliates,Electronics,Smartphones,Samsung,Galaxy A32,329.0,250.0,2.0,1.66,658.0,12.0,145.0,Digital Wallet,2.0
2022-09-02,56-65,CA,Other,Middle,App,Clothing,Jeans,Wrangler,Regular Fit,64.0,35.0,3.0,1.87,192.0,7.0,80.0,Digital Wallet,4.0
2022-09-02,26-35,TX,Male,High,Affiliates,Electronics,Smartphones,Apple,iPhone 15,1061.0,800.0,3.0,1.32,3184.0,19.0,765.0,Credit Card,5.0
2022-09-02,18-25,NY,Female,Middle,Affiliates,Beauty,Skincare,Neutrogena,Hydro Boost Gel,28.0,20.0,1.0,1.39,28.0,8.0,0.0,Credit Card,4.0
2022-09-02,66+,OH,Other,High,PPC,Electronics,Smartphones,Samsung,Galaxy S21,667.0,500.0,1.0,1.5,667.0,10.0,158.0,Digital Wallet,4.0
2022-09-02,18-25,TX,Male,High,App,Home,Beds,Tempur-Pedic,Contour Elite,1899.0,1700.0,1.0,1.34,1899.0,16.0,183.0,BNPL,5.0
2022-09-02,46-55,IL,Female,Middle,App,Clothing,Jeans,Levis,501 Original,83.0,60.0,2.0,1.32,165.0,9.0,36.0,Debit Card,5.0
2022-09-02,46-55,CA,Male,Low,App,Beauty,Makeup,Revlon,ColorStay Lipstick,23.0,15.0,5.0,1.34,115.0,5.0,35.0,Debit Card,4.0
2022-09-02,36-45,PA,Male,Middle,App,Clothing,Jeans,Levis,Slim Fit,66.0,50.0,2.0,1.34,133.0,9.0,24.0,Credit Card,3.0
2022-09-02,18-25,FL,Male,Low,Affiliates,Electronics,Smartphones,Apple,iPhone 14,981.0,700.0,2.0,0.68,1962.0,15.0,547.0,Credit Card,5.0
2022-09-02,18-25,FL,Other,Low,Affiliates,Beauty,Makeup,Revlon,ColorStay Lipstick,19.0,15.0,4.0,1.76,75.0,8.0,7.0,Digital Wallet,4.0
2022-09-02,18-25,OH,Female,Low,App,Electronics,Smartphones,Apple,iPhone 14,1009.0,700.0,2.0,0.84,2018.0,15.0,603.0,Debit Card,5.0
2022-09-02,46-55,NC,Male,Middle,PPC,Electronics,Smartphones,Samsung,Galaxy A32,268.0,250.0,2.0,1.96,535.0,18.0,17.0,Credit Card,4.0
2022-09-02,56-65,PA,Other,Middle,Organic,Electronics,Smartphones,Samsung,Galaxy A32,298.0,250.0,3.0,1.61,894.0,21.0,123.0,BNPL,5.0
2022-09-02,26-35,NC,Female,Middle,Email,Electronics,Smartphones,Apple,iPhone 15,1064.0,800.0,3.0,1.39,3193.0,23.0,770.0,Digital Wallet,6.0
2022-09-02,56-65,OH,Female,Low,Others,Clothing,Jeans,Wrangler,Authentics,41.0,30.0,3.0,1.61,124.0,9.0,25.0,Debit Card,5.0
2022-09-02,66+,NY,Male,High,Others,Home,Furniture,IKEA,Billy Bookcase,153.0,100.0,2.0,1.25,307.0,27.0,80.0,Credit Card,5.0
2022-09-02,46-55,MI,Female,Middle,Organic,Beauty,Skincare,Neutrogena,Oil-Free Acne Wash,17.0,15.0,2.0,0.69,34.0,8.0,-4.0,BNPL,4.0
2022-09-02,18-25,IL,Other,Low,App,Electronics,Smartphones,Apple,iPhone 15,1060.0,800.0,3.0,0.91,3180.0,21.0,759.0,Debit Card,5.0
2022-09-02,36-45,PA,Female,Low,Organic,Home,Furniture,Ashley Furniture,Bed Frame,260.0,100.0,2.0,0.6,519.0,26.0,294.0,Digital Wallet,5.0
2022-09-02,36-45,TX,Male,High,Organic,Beauty,Makeup,Maybelline,Lash Sensational Mascara,14.0,10.0,3.0,1.46,43.0,6.0,7.0,Debit Card,5.0
2022-09-02,36-45,PA,Male,High,Email,Home,Furniture,Ashley Furniture,Bed Frame,225.0,100.0,5.0,0.73,1123.0,56.0,567.0,Credit Card,12.0
2022-09-02,56-65,TX,Male,Middle,App,Beauty,Skincare,Neutrogena,Oil-Free Acne Wash,19.0,15.0,3.0,1.74,57.0,6.0,6.0,Credit Card,5.0
2022-09-02,26-35,CA,Other,Middle,App,Beauty,Makeup,Maybelline,Fit Me Foundation,15.0,15.0,4.0,1.3,59.0,5.0,-5.0,Debit Card,4.0
2022-09-02,26-35,IL,Female,Middle,Others,Electronics,Smartphones,Apple,iPhone 14,999.0,700.0,2.0,1.53,1999.0,16.0,582.0,Credit Card,4.0
2022-09-02,56-65,NY,Female,Middle,Organic,Clothing,T-Shirts,Adidas,Performance,67.0,45.0,2.0,1.77,134.0,10.0,34.0,Debit Card,5.0
2022-09-02,26-35,IL,Male,Middle,Organic,Home,Beds,Tempur-Pedic,Contour Elite,2000.0,1700.0,2.0,0.56,4000.0,30.0,569.0,BNPL,5.0
2022-09-02,18-25,TX,Male,Middle,App,Electronics,Laptops,Apple Laptop,MacBook Pro M2,1345.0,1200.0,1.0,1.1,1345.0,12.0,132.0,BNPL,2.0
2022-09-02,18-25,PA,Male,High,Organic,Clothing,T-Shirts,Adidas,Essentials,38.0,35.0,4.0,1.75,152.0,11.0,2.0,Digital Wallet,5.0
2022-09-02,36-45,NC,Other,Low,Others,Electronics,Smartphones,Apple,iPhone SE,554.0,400.0,3.0,1.79,1661.0,23.0,438.0,Debit Card,5.0
2022-09-02,26-35,GA,Male,High,Organic,Electronics,Smartphones,Samsung,Galaxy Z Fold 5,1693.0,1500.0,3.0,1.78,5079.0,18.0,561.0,Digital Wallet,4.0
2022-09-02,36-45,FL,Male,Middle,Others,Clothing,T-Shirts,Nike,Dry-FIT,22.0,20.0,2.0,1.7,45.0,8.0,-3.0,Digital Wallet,9.0
2022-09-02,46-55,NC,Male,Low,PPC,Clothing,T-Shirts,Adidas,Performance,68.0,45.0,2.0,1.99,135.0,11.0,34.0,Debit Card,12.0
2022-09-02,18-25,PA,Other,Middle,PPC,Home,Beds,Tempur-Pedic,Contour Elite,1993.0,1700.0,1.0,1.08,1993.0,18.0,276.0,Digital Wallet,4.0
2022-09-02,36-45,NC,Male,Low,PPC,Home,Furniture,IKEA,Billy Bookcase,147.0,100.0,2.0,0.6,294.0,28.0,66.0,Credit Card,7.0
2022-09-02,26-35,TX,Male,Middle,PPC,Home,Beds,Serta,iComfort,2193.0,1900.0,2.0,1.19,4385.0,28.0,557.0,Credit Card,5.0
2022-09-02,56-65,FL,Other,Low,App,Beauty,Makeup,Maybelline,Lash Sensational Mascara,12.0,10.0,3.0,1.62,35.0,7.0,-2.0,Digital Wallet,4.0
2022-09-02,66+,TX,Female,Middle,PPC,Home,Beds,Serta,iComfort,2372.0,1900.0,2.0,0.53,4743.0,28.0,915.0,Digital Wallet,6.0
2022-09-02,36-45,CA,Male,Middle,Others,Beauty,Makeup,Maybelline,Lash Sensational Mascara,15.0,10.0,4.0,0.64,59.0,5.0,14.0,Credit Card,3.0
2022-09-02,46-55,PA,Female,Low,Affiliates,Beauty,Makeup,Maybelline,Lash Sensational Mascara,14.0,10.0,5.0,1.17,69.0,9.0,11.0,Credit Card,5.0
2022-09-02,56-65,PA,Other,Low,Others,Electronics,Smartphones,Apple,iPhone 15,1039.0,800.0,3.0,1.78,3117.0,21.0,696.0,Credit Card,9.0
2022-09-02,36-45,MI,Female,Middle,Others,Electronics,Smartphones,Apple,iPhone 14,959.0,700.0,2.0,1.29,1919.0,17.0,502.0,Credit Card,4.0
2022-09-02,66+,CA,Female,Middle,Affiliates,Clothing,Jeans,Wrangler,Authentics,54.0,30.0,3.0,0.58,163.0,7.0,66.0,Credit Card,3.0
2022-09-02,26-35,CA,Female,Middle,Email,Electronics,Smartphones,Samsung,Galaxy S21,703.0,500.0,2.0,1.61,1407.0,12.0,394.0,Credit Card,4.0
2022-09-02,26-35,NY,Female,High,Email,Beauty,Makeup,Maybelline,Lash Sensational Mascara,15.0,10.0,6.0,1.45,91.0,11.0,20.0,Debit Card,6.0
2022-09-02,26-35,CA,Other,Middle,Organic,Clothing,Jeans,Levis,501 Original,84.0,60.0,3.0,0.79,252.0,7.0,65.0,Digital Wallet,4.0
2022-09-02,36-45,MI,Other,Middle,Email,Electronics,Laptops,Apple Laptop,MacBook Air M2,1209.0,1000.0,1.0,1.41,1209.0,15.0,194.0,Credit Card,4.0
2022-09-02,26-35,CA,Female,Low,Others,Clothing,T-Shirts,Adidas,Essentials,38.0,35.0,3.0,0.87,115.0,6.0,4.0,Digital Wallet,2.0
2022-09-02,66+,PA,Other,Low,PPC,Electronics,Laptops,Dell,XPS,1632.0,1300.0,1.0,0.98,1632.0,14.0,318.0,Debit Card,3.0
2022-09-02,18-25,FL,Female,Middle,Email,Clothing,T-Shirts,Adidas,Performance,67.0,45.0,5.0,1.53,334.0,11.0,97.0,Credit Card,5.0
2022-09-02,56-65,TX,Female,Low,Email,Clothing,Jeans,Levis,Slim Fit,69.0,50.0,1.0,1.22,69.0,6.0,14.0,BNPL,3.0
2022-09-02,36-45,TX,Female,High,Organic,Clothing,Jeans,Levis,Bootcut,107.0,100.0,2.0,1.22,215.0,7.0,7.0,Digital Wallet,4.0
2022-09-02,26-35,PA,Male,Low,PPC,Electronics,Laptops,Apple Laptop,MacBook Pro M3,1799.0,1500.0,2.0,1.89,3597.0,22.0,575.0,Credit Card,5.0
2022-09-02,56-65,IL,Female,Middle,App,Home,Furniture,IKEA,Billy Bookcase,116.0,100.0,1.0,1.21,116.0,16.0,0.0,Credit Card,5.0
2022-09-02,66+,CA,Other,Low,App,Beauty,Makeup,Maybelline,Fit Me Foundation,25.0,15.0,4.0,1.52,99.0,5.0,34.0,Credit Card,5.0
2022-09-02,56-65,TX,Female,Middle,Affiliates,Electronics,Smartphones,Apple,iPhone 15,1057.0,800.0,1.0,1.14,1057.0,9.0,247.0,BNPL,4.0
2022-09-02,66+,TX,Other,Middle,App,Electronics,Laptops,HP,Pavilion,777.0,600.0,2.0,1.55,1555.0,20.0,334.0,BNPL,5.0
2022-09-02,18-25,NY,Male,Middle,Others,Beauty,Makeup,Maybelline,Fit Me Foundation,19.0,15.0,3.0,1.09,58.0,9.0,3.0,Credit Card,3.0
2022-09-02,56-65,TX,Other,High,Organic,Electronics,Smartphones,Samsung,Galaxy A32,305.0,250.0,1.0,1.27,305.0,9.0,45.0,Debit Card,2.0
2022-09-02,36-45,CA,Male,High,Email,Home,Furniture,Ashley Furniture,Bed Frame,230.0,100.0,1.0,1.54,230.0,12.0,118.0,BNPL,5.0
2022-09-02,26-35,NY,Female,Middle,App,Electronics,Smartphones,Apple,iPhone 14,981.0,700.0,2.0,0.64,1963.0,17.0,546.0,Debit Card,5.0
2022-09-02,46-55,PA,Female,Low,Email,Beauty,Makeup,Maybelline,Fit Me Foundation,22.0,15.0,2.0,0.84,44.0,7.0,7.0,Debit Card,5.0
2022-09-02,36-45,NY,Other,Middle,Organic,Beauty,Skincare,Neutrogena,Hydro Boost Gel,22.0,20.0,3.0,1.89,65.0,9.0,-4.0,Debit Card,4.0
2022-09-02,46-55,NY,Female,Low,PPC,Beauty,Skincare,Neutrogena,Oil-Free Acne Wash,16.0,15.0,1.0,1.55,16.0,8.0,-7.0,Debit Card,3.0
2022-09-02,36-45,FL,Male,Low,App,Electronics,Laptops,HP,Envy,921.0,700.0,1.0,0.82,921.0,13.0,208.0,Digital Wallet,4.0
2022-09-02,26-35,GA,Female,High,App,Clothing,Jeans,Levis,Slim Fit,69.0,50.0,2.0,0.73,138.0,6.0,31.0,Credit Card,4.0
2022-09-02,26-35,IL,Female,Middle,App,Beauty,Makeup,Maybelline,Fit Me Foundation,19.0,15.0,2.0,1.78,38.0,8.0,1.0,Credit Card,3.0
2022-09-02,36-45,NY,Male,Middle,Organic,Clothing,T-Shirts,Nike,Pro,51.0,30.0,5.0,0.5,256.0,13.0,92.0,Debit Card,6.0
2022-09-02,36-45,CA,Male,Middle,PPC,Electronics,Laptops,Apple Laptop,MacBook Pro M3,1761.0,1500.0,1.0,1.12,1761.0,10.0,251.0,Debit Card,3.0
2022-09-02,18-25,GA,Female,Middle,Organic,Beauty,Makeup,Maybelline,Fit Me Foundation,17.0,15.0,5.0,1.65,83.0,6.0,2.0,BNPL,5.0
2022-09-02,26-35,CA,Female,High,Email,Electronics,Smartphones,Samsung,Galaxy S21,701.0,500.0,1.0,1.92,701.0,7.0,194.0,Credit Card,2.0
2022-09-02,26-35,CA,Female,Low,Organic,Home,Beds,Tempur-Pedic,Contour Elite,1741.0,1700.0,2.0,0.77,3483.0,26.0,56.0,Debit Card,5.0
2022-09-02,46-55,NY,Female,Middle,Others,Beauty,Makeup,Revlon,ColorStay Lipstick,19.0,15.0,5.0,0.51,94.0,10.0,9.0,Credit Card,7.0
2022-09-02,18-25,TX,Female,High,Organic,Home,Furniture,Ashley Furniture,Dining Table,326.0,200.0,1.0,0.66,326.0,14.0,111.0,Credit Card,5.0
2022-09-02,26-35,CA,Female,High,Organic,Home,Furniture,IKEA,Kallax Shelf,87.0,60.0,1.0,1.03,87.0,12.0,15.0,Credit Card,3.0
2022-09-02,36-45,TX,Female,Low,Affiliates,Beauty,Makeup,Revlon,ColorStay Lipstick,19.0,15.0,5.0,1.56,94.0,7.0,11.0,Digital Wallet,7.0
2022-09-02,36-45,CA,Other,Middle,Affiliates,Home,Beds,Tempur-Pedic,Contour Elite,2039.0,1700.0,2.0,0.99,4078.0,26.0,652.0,Digital Wallet,4.0
2022-09-02,26-35,PA,Female,Middle,App,Home,Furniture,IKEA,Billy Bookcase,186.0,100.0,2.0,1.98,371.0,26.0,145.0,Debit Card,6.0
2022-09-02,46-55,FL,Other,High,Organic,Electronics,Laptops,Dell,XPS,1526.0,1300.0,1.0,0.74,1526.0,13.0,213.0,BNPL,4.0
2022-09-02,26-35,PA,Female,Middle,App,Clothing,Jeans,Levis,Slim Fit,60.0,50.0,1.0,0.6,60.0,7.0,3.0,Debit Card,3.0
2022-09-02,46-55,CA,Female,Middle,Email,Home,Beds,Serta,Perfect Sleeper,915.0,750.0,1.0,0.57,915.0,14.0,151.0,Credit Card,3.0
2022-09-02,26-35,CA,Male,Middle,PPC,Electronics,Laptops,HP,Envy,890.0,700.0,2.0,1.52,1781.0,18.0,362.0,Digital Wallet,3.0
2022-09-02,36-45,CA,Female,Low,App,Beauty,Makeup,Maybelline,Lash Sensational Mascara,16.0,10.0,1.0,0.9,16.0,3.0,3.0,Digital Wallet,3.0
2022-09-02,36-45,IL,Male,Middle,Organic,Home,Beds,Serta,Perfect Sleeper,895.0,750.0,1.0,0.89,895.0,18.0,126.0,Digital Wallet,4.0
2022-09-02,18-25,IL,Female,High,Others,Electronics,Smartphones,Samsung,Galaxy A32,332.0,250.0,1.0,1.88,332.0,11.0,70.0,BNPL,4.0
2022-09-02,18-25,TX,Female,Middle,Others,Electronics,Smartphones,Samsung,Galaxy A32,314.0,250.0,1.0,1.22,314.0,9.0,55.0,Credit Card,5.0
2022-09-02,56-65,NC,Female,High,App,Clothing,Jeans,Levis,501 Original,83.0,60.0,2.0,1.01,167.0,11.0,36.0,Credit Card,5.0
2022-09-02,18-25,TX,Female,Low,App,Beauty,Makeup,Maybelline,Fit Me Foundation,18.0,15.0,1.0,1.23,18.0,5.0,-2.0,Debit Card,2.0
2022-09-02,56-65,OH,Other,Middle,Email,Electronics,Laptops,Dell,XPS,1572.0,1300.0,2.0,1.15,3144.0,21.0,523.0,Debit Card,5.0
2022-09-02,56-65,IL,Female,Middle,App,Clothing,T-Shirts,Nike,Sportswear,35.0,25.0,4.0,1.27,139.0,11.0,28.0,Credit Card,4.0
2022-09-02,56-65,PA,Female,Low,Others,Electronics,Smartphones,Samsung,Galaxy A32,374.0,250.0,3.0,1.81,1123.0,21.0,353.0,Debit Card,5.0
2022-09-02,66+,OH,Female,High,PPC,Clothing,Jeans,Wrangler,Regular Fit,66.0,35.0,1.0,1.67,66.0,6.0,25.0,Digital Wallet,4.0
2022-09-02,26-35,FL,Other,Middle,Organic,Electronics,Smartphones,Samsung,Galaxy S21,639.0,500.0,2.0,1.37,1278.0,15.0,263.0,Digital Wallet,5.0
2022-09-02,56-65,NY,Male,Middle,PPC,Beauty,Makeup,Maybelline,Fit Me Foundation,16.0,15.0,2.0,1.23,31.0,9.0,-7.0,Credit Card,4.0
2022-09-02,56-65,CA,Female,Low,Email,Beauty,Makeup,Maybelline,Lash Sensational Mascara,15.0,10.0,1.0,1.23,15.0,3.0,2.0,Credit Card,2.0
2022-09-02,66+,MI,Male,Low,Email,Electronics,Smartphones,Apple,iPhone SE,620.0,400.0,1.0,1.05,620.0,12.0,209.0,Credit Card,3.0
2022-09-02,66+,CA,Male,Low,Affiliates,Clothing,Jeans,Wrangler,Authentics,48.0,30.0,3.0,1.28,143.0,7.0,46.0,Credit Card,3.0
2022-09-02,56-65,OH,Male,High,App,Beauty,Skincare,Neutrogena,Rapid Wrinkle Repair,32.0,20.0,2.0,1.49,64.0,6.0,18.0,Debit Card,4.0
2022-09-02,26-35,CA,Female,Low,Affiliates,Beauty,Makeup,Maybelline,Lash Sensational Mascara,16.0,10.0,11.0,0.78,181.0,9.0,62.0,Digital Wallet,8.0
2022-09-02,26-35,CA,Other,Middle,App,Beauty,Skincare,Neutrogena,Oil-Free Acne Wash,21.0,15.0,4.0,1.57,85.0,5.0,20.0,Digital Wallet,4.0
2022-09-02,26-35,CA,Male,High,Others,Home,Furniture,IKEA,Kallax Shelf,75.0,60.0,1.0,0.65,75.0,12.0,2.0,Debit Card,6.0
2022-09-02,18-25,FL,Male,Low,Others,Clothing,T-Shirts,Nike,Dry-FIT,25.0,20.0,4.0,1.61,100.0,10.0,10.0,BNPL,4.0
2022-09-02,36-45,PA,Male,Low,PPC,Beauty,Makeup,Maybelline,Fit Me Foundation,22.0,15.0,2.0,1.17,43.0,7.0,6.0,Digital Wallet,4.0
2022-09-02,18-25,CA,Male,Middle,Others,Electronics,Laptops,Apple Laptop,MacBook Air M2,1186.0,1000.0,1.0,1.41,1186.0,10.0,175.0,Debit Card,3.0
2022-09-02,36-45,IL,Female,Low,App,Electronics,Smartphones,Samsung,Galaxy A32,340.0,250.0,2.0,1.03,679.0,16.0,163.0,Digital Wallet,5.0
2022-09-02,26-35,PA,Female,Middle,Affiliates,Beauty,Makeup,Maybelline,Fit Me Foundation,16.0,15.0,8.0,1.65,127.0,11.0,-4.0,Credit Card,6.0
2022-09-02,66+,PA,Female,Low,App,Electronics,Laptops,Apple Laptop,MacBook Pro M2,1389.0,1200.0,2.0,1.31,2779.0,22.0,357.0,Digital Wallet,7.0
2022-09-02,36-45,IL,Male,Middle,Email,Clothing,Jeans,Wrangler,Authentics,52.0,30.0,3.0,0.59,157.0,11.0,56.0,Digital Wallet,4.0
2022-09-02,18-25,CA,Female,Low,Organic,Electronics,Laptops,Apple Laptop,MacBook Pro M3,1680.0,1500.0,1.0,1.46,1680.0,10.0,170.0,Debit Card,3.0
2022-09-02,46-55,GA,Male,Middle,PPC,Clothing,T-Shirts,Adidas,Performance,70.0,45.0,4.0,1.1,280.0,8.0,91.0,Digital Wallet,6.0
2022-09-02,56-65,CA,Male,Middle,Email,Home,Furniture,IKEA,Kallax Shelf,66.0,60.0,2.0,0.7,133.0,22.0,-10.0,Debit Card,6.0
2022-09-02,66+,CA,Female,Low,Others,Clothing,Jeans,Levis,Slim Fit,68.0,50.0,3.0,1.42,204.0,7.0,48.0,Credit Card,4.0
2022-09-02,26-35,NY,Male,Low,Email,Electronics,Laptops,Apple Laptop,MacBook Pro M3,1771.0,1500.0,1.0,0.58,1771.0,15.0,256.0,Digital Wallet,3.0
2022-09-02,18-25,CA,Male,High,App,Clothing,T-Shirts,Adidas,Performance,67.0,45.0,4.0,1.59,267.0,7.0,79.0,Debit Card,4.0
2022-09-02,26-35,NC,Male,Middle,Email,Electronics,Smartphones,Apple,iPhone SE,592.0,400.0,3.0,1.95,1775.0,23.0,552.0,Credit Card,4.0
2022-09-02,66+,IL,Female,Low,PPC,Home,Furniture,IKEA,Billy Bookcase,129.0,100.0,1.0,0.52,129.0,16.0,13.0,Digital Wallet,5.0
2022-09-02,56-65,NY,Male,Middle,Organic,Clothing,T-Shirts,Nike,Dry-FIT,27.0,20.0,5.0,1.64,133.0,13.0,19.0,Credit Card,8.0
2022-09-02,36-45,CA,Male,Middle,App,Clothing,Jeans,Wrangler,Authentics,64.0,30.0,1.0,0.63,64.0,4.0,30.0,BNPL,3.0
2022-09-02,26-35,CA,Female,Middle,Organic,Beauty,Makeup,Maybelline,Lash Sensational Mascara,15.0,10.0,2.0,0.53,29.0,4.0,6.0,Credit Card,2.0
2022-09-02,66+,MI,Male,Low,Email,Beauty,Makeup,Maybelline,Fit Me Foundation,22.0,15.0,5.0,0.75,110.0,10.0,25.0,Debit Card,6.0
2022-09-02,36-45,FL,Female,Low,PPC,Beauty,Makeup,Revlon,ColorStay Lipstick,16.0,15.0,1.0,1.04,16.0,6.0,-5.0,Credit Card,3.0
2022-09-02,26-35,CA,Male,Middle,PPC,Electronics,Smartphones,Apple,iPhone 15,1034.0,800.0,1.0,1.72,1034.0,7.0,227.0,BNPL,2.0
2022-09-02,18-25,TX,Female,Low,Email,Electronics,Smartphones,Samsung,Galaxy Z Fold 5,1788.0,1500.0,2.0,1.34,3576.0,14.0,562.0,Credit Card,4.0
2022-09-02,46-55,NY,Male,Middle,Organic,Home,Beds,Tempur-Pedic,Cloud Supreme,1999.0,1800.0,1.0,1.08,1999.0,19.0,180.0,Debit Card,4.0
2022-09-02,26-35,FL,Female,Middle,Others,Beauty,Makeup,Maybelline,Lash Sensational Mascara,15.0,10.0,2.0,1.32,30.0,7.0,3.0,Digital Wallet,3.0
2022-09-02,26-35,FL,Other,Low,Organic,Beauty,Makeup,Maybelline,Lash Sensational Mascara,18.0,10.0,6.0,1.28,107.0,9.0,38.0,BNPL,5.0
2022-09-02,36-45,IL,Female,Middle,App,Electronics,Smartphones,Apple,iPhone SE,573.0,400.0,2.0,0.58,1146.0,16.0,330.0,Debit Card,4.0
2022-09-02,18-25,FL,Female,Middle,Others,Electronics,Smartphones,Samsung,Galaxy A32,353.0,250.0,3.0,0.59,1060.0,20.0,289.0,Digital Wallet,4.0
2022-09-02,36-45,NY,Male,Middle,App,Clothing,T-Shirts,Nike,Pro,47.0,30.0,3.0,0.95,140.0,11.0,39.0,Credit Card,4.0
2022-09-02,36-45,TX,Male,High,App,Electronics,Smartphones,Apple,iPhone 14,886.0,700.0,3.0,1.63,2657.0,19.0,538.0,Credit Card,6.0
2022-09-02,46-55,TX,Female,Low,Organic,Home,Beds,Tempur-Pedic,Contour Elite,1922.0,1700.0,1.0,0.82,1922.0,16.0,206.0,Debit Card,4.0
2022-09-02,46-55,CA,Male,High,App,Beauty,Skincare,Neutrogena,Hydro Boost Gel,26.0,20.0,3.0,1.03,78.0,4.0,14.0,Credit Card,2.0
2022-09-02,56-65,NC,Male,Low,PPC,Beauty,Makeup,Revlon,ColorStay Lipstick,17.0,15.0,3.0,1.46,52.0,10.0,-3.0,Debit Card,6.0
2022-09-02,36-45,MI,Female,Middle,Affiliates,Electronics,Smartphones,Samsung,Galaxy S21,731.0,500.0,2.0,1.1,1462.0,17.0,445.0,Digital Wallet,5.0
2022-09-02,26-35,TX,Male,Middle,Email,Electronics,Smartphones,Apple,iPhone 14,954.0,700.0,3.0,1.41,2861.0,19.0,742.0,Credit Card,4.0
2022-09-02,26-35,NC,Female,Low,Email,Home,Beds,Tempur-Pedic,Contour Elite,2034.0,1700.0,1.0,0.68,2034.0,20.0,314.0,Credit Card,4.0
2022-09-02,26-35,CA,Female,High,PPC,Electronics,Laptops,HP,Pavilion,808.0,600.0,1.0,1.21,808.0,10.0,197.0,Debit Card,2.0
2022-09-02,36-45,GA,Female,High,App,Electronics,Smartphones,Samsung,Galaxy Z Fold 5,1737.0,1500.0,1.0,1.0,1737.0,8.0,229.0,Digital Wallet,3.0
2022-09-02,36-45,NC,Male,Middle,Email,Clothing,T-Shirts,Nike,Dry-FIT,24.0,20.0,2.0,0.76,48.0,11.0,-2.0,Credit Card,5.0
2022-09-02,46-55,NY,Other,Middle,Organic,Electronics,Laptops,Apple Laptop,MacBook Pro M3,1782.0,1500.0,1.0,1.35,1782.0,15.0,267.0,Credit Card,4.0
2022-09-02,66+,NY,Other,Middle,Others,Electronics,Smartphones,Apple,iPhone 15,1058.0,800.0,1.0,1.29,1058.0,12.0,245.0,Debit Card,4.0
2022-09-02,26-35,NC,Male,Middle,Others,Electronics,Smartphones,Samsung,Galaxy S21,734.0,500.0,1.0,1.68,734.0,13.0,221.0,Digital Wallet,5.0
2022-09-02,36-45,MI,Male,High,Others,Beauty,Makeup,Maybelline,Lash Sensational Mascara,15.0,10.0,2.0,1.58,30.0,8.0,2.0,Credit Card,3.0
2022-09-02,26-35,CA,Other,Low,Organic,Electronics,Smartphones,Apple,iPhone 14,940.0,700.0,2.0,1.42,1880.0,12.0,468.0,Credit Card,3.0
2022-09-02,66+,CA,Female,Middle,PPC,Home,Beds,Tempur-Pedic,Cloud Supreme,1972.0,1800.0,2.0,0.73,3944.0,26.0,317.0,Debit Card,3.0
2022-09-02,36-45,FL,Male,Middle,Email,Electronics,Smartphones,Apple,iPhone SE,553.0,400.0,2.0,1.94,1107.0,15.0,291.0,Digital Wallet,3.0
2022-09-02,36-45,MI,Female,Middle,Email,Beauty,Skincare,Neutrogena,Rapid Wrinkle Repair,29.0,20.0,3.0,0.68,86.0,9.0,17.0,Credit Card,6.0
2022-09-02,66+,CA,Female,High,Others,Beauty,Makeup,Maybelline,Lash Sensational Mascara,16.0,10.0,5.0,0.5,81.0,5.0,26.0,Credit Card,5.0
2022-09-02,36-45,FL,Female,Middle,Organic,Beauty,Makeup,Revlon,ColorStay Lipstick,20.0,15.0,5.0,0.6,102.0,8.0,19.0,Debit Card,4.0
2022-09-02,56-65,CA,Male,Middle,Organic,Electronics,Smartphones,Apple,iPhone SE,578.0,400.0,3.0,0.77,1735.0,17.0,518.0,BNPL,5.0
2022-09-02,56-65,NC,Female,Middle,PPC,Clothing,Jeans,Wrangler,Authentics,49.0,30.0,3.0,0.95,148.0,13.0,45.0,Debit Card,6.0
2022-09-02,56-65,FL,Female,Middle,Email,Electronics,Laptops,Dell,Inspiron,923.0,600.0,1.0,1.78,923.0,13.0,310.0,Digital Wallet,4.0
2022-09-02,46-55,MI,Male,High,Others,Beauty,Skincare,Neutrogena,Rapid Wrinkle Repair,32.0,20.0,2.0,0.74,65.0,8.0,17.0,Credit Card,5.0
2022-09-02,36-45,FL,Female,Middle,Organic,Electronics,Smartphones,Apple,iPhone 14,1002.0,700.0,3.0,1.12,3005.0,20.0,885.0,Digital Wallet,5.0
2022-09-02,36-45,GA,Male,High,App,Beauty,Makeup,Maybelline,Lash Sensational Mascara,13.0,10.0,5.0,0.98,67.0,6.0,10.0,Credit Card,5.0
2022-09-02,46-55,FL,Male,Low,PPC,Beauty,Makeup,Revlon,ColorStay Lipstick,21.0,15.0,3.0,1.07,62.0,7.0,10.0,Digital Wallet,4.0
2022-09-02,36-45,TX,Other,High,Affiliates,Home,Furniture,IKEA,Billy Bookcase,167.0,100.0,2.0,0.53,334.0,24.0,110.0,Debit Card,5.0
2022-09-02,56-65,NC,Male,Low,Affiliates,Home,Furniture,Ashley Furniture,Bed Frame,256.0,100.0,1.0,1.77,256.0,18.0,138.0,Credit Card,5.0
2022-09-02,26-35,PA,Other,Middle,Email,Beauty,Skincare,Neutrogena,Rapid Wrinkle Repair,30.0,20.0,1.0,1.16,30.0,7.0,3.0,Digital Wallet,3.0
2022-09-02,18-25,FL,Male,Middle,Affiliates,Beauty,Skincare,Neutrogena,Oil-Free Acne Wash,19.0,15.0,1.0,0.86,19.0,6.0,-2.0,Credit Card,3.0
2022-09-02,26-35,CA,Female,High,Affiliates,Clothing,Jeans,Wrangler,Regular Fit,54.0,35.0,1.0,1.1,54.0,4.0,15.0,Debit Card,2.0
2022-09-02,46-55,TX,Female,Low,Email,Clothing,Jeans,Wrangler,Authentics,51.0,30.0,2.0,1.46,102.0,7.0,34.0,Digital Wallet,4.0
2022-09-02,46-55,FL,Male,Middle,Email,Clothing,T-Shirts,Nike,Pro,49.0,30.0,3.0,1.32,146.0,9.0,47.0,Digital Wallet,3.0
2022-09-02,46-55,TX,Other,Low,PPC,Electronics,Smartphones,Apple,iPhone 14,929.0,700.0,3.0,1.66,2787.0,19.0,667.0,Digital Wallet,4.0
2022-09-02,26-35,NY,Male,Middle,PPC,Clothing,T-Shirts,Nike,Dry-FIT,40.0,20.0,2.0,1.85,80.0,10.0,30.0,Digital Wallet,4.0
2022-09-02,66+,FL,Female,Middle,Organic,Electronics,Smartphones,Apple,iPhone SE,603.0,400.0,2.0,1.21,1206.0,15.0,390.0,Credit Card,4.0
2022-09-02,26-35,PA,Male,Low,Organic,Home,Beds,Tempur-Pedic,Cloud Supreme,1981.0,1800.0,2.0,0.72,3961.0,30.0,332.0,Debit Card,5.0
2022-09-02,66+,PA,Other,High,App,Beauty,Skincare,Neutrogena,Oil-Free Acne Wash,20.0,15.0,3.0,1.28,60.0,8.0,7.0,BNPL,4.0
2022-09-02,46-55,IL,Female,Low,Email,Beauty,Makeup,Maybelline,Fit Me Foundation,21.0,15.0,3.0,1.41,62.0,8.0,9.0,Debit Card,10.0
2022-09-02,26-35,GA,Male,Middle,PPC,Electronics,Smartphones,Samsung,Galaxy S21,694.0,500.0,2.0,1.22,1389.0,13.0,375.0,Digital Wallet,4.0
2022-09-02,66+,NY,Female,Middle,Email,Electronics,Smartphones,Apple,iPhone 14,903.0,700.0,2.0,1.42,1807.0,17.0,389.0,Digital Wallet,5.0
2022-09-02,46-55,FL,Other,Middle,Organic,Beauty,Skincare,Neutrogena,Rapid Wrinkle Repair,28.0,20.0,3.0,0.84,83.0,7.0,16.0,Credit Card,4.0
2022-09-02,26-35,FL,Other,High,Affiliates,Electronics,Smartphones,Apple,iPhone 14,995.0,700.0,3.0,0.53,2985.0,20.0,864.0,Digital Wallet,6.0
2022-09-02,26-35,IL,Female,Middle,Email,Beauty,Skincare,Neutrogena,Hydro Boost Gel,22.0,20.0,2.0,1.01,45.0,8.0,-3.0,Debit Card,5.0
2022-09-02,26-35,MI,Female,Low,PPC,Home,Furniture,IKEA,Kallax Shelf,69.0,60.0,2.0,0.92,138.0,27.0,-9.0,Debit Card,6.0
2022-09-02,36-45,IL,Male,Middle,Email,Home,Beds,Serta,iComfort,2310.0,1900.0,1.0,1.54,2310.0,18.0,391.0,Debit Card,4.0
2022-09-02,36-45,OH,Other,Middle,App,Home,Furniture,IKEA,Kallax Shelf,56.0,60.0,2.0,0.64,112.0,25.0,-33.0,Debit Card,4.0
2022-09-02,36-45,TX,Male,Middle,PPC,Clothing,T-Shirts,Nike,Pro,52.0,30.0,1.0,1.19,52.0,6.0,17.0,Digital Wallet,6.0
2022-09-02,26-35,GA,Male,Middle,App,Clothing,Jeans,Levis,Bootcut,106.0,100.0,1.0,0.75,106.0,5.0,1.0,Digital Wallet,5.0
2022-09-02,36-45,OH,Male,Middle,Organic,Electronics,Smartphones,Apple,iPhone SE,585.0,400.0,2.0,1.17,1170.0,15.0,355.0,Debit Card,6.0
2022-09-02,66+,NY,Female,Middle,Others,Electronics,Smartphones,Apple,iPhone 14,980.0,700.0,3.0,1.98,2939.0,22.0,816.0,Digital Wallet,6.0
2022-09-02,18-25,TX,Male,Middle,Affiliates,Electronics,Laptops,Apple Laptop,MacBook Pro M3,1748.0,1500.0,1.0,1.65,1748.0,12.0,235.0,BNPL,10.0
2022-09-02,46-55,IL,Other,Middle,App,Electronics,Smartphones,Samsung,Galaxy A32,274.0,250.0,3.0,1.54,822.0,21.0,51.0,Debit Card,5.0
2022-09-02,26-35,IL,Male,Middle,Affiliates,Beauty,Makeup,Maybelline,Lash Sensational Mascara,12.0,10.0,1.0,1.87,12.0,7.0,-5.0,Digital Wallet,3.0
2022-09-02,56-65,NY,Female,High,App,Electronics,Smartphones,Samsung,Galaxy A32,337.0,250.0,3.0,1.16,1011.0,22.0,239.0,Debit Card,3.0
2022-09-02,66+,FL,Female,High,Organic,Home,Furniture,Ashley Furniture,Sofa,410.0,300.0,1.0,1.27,410.0,15.0,95.0,Credit Card,3.0
2022-09-02,26-35,TX,Male,Middle,Organic,Electronics,Smartphones,Samsung,Galaxy S21,684.0,500.0,1.0,0.56,684.0,9.0,175.0,Digital Wallet,4.0
2022-09-02,18-25,PA,Female,High,PPC,Home,Furniture,IKEA,Billy Bookcase,132.0,100.0,1.0,1.45,132.0,16.0,16.0,Debit Card,4.0
2022-09-02,18-25,FL,Female,Middle,Organic,Clothing,Jeans,Wrangler,Authentics,46.0,30.0,3.0,1.55,138.0,10.0,38.0,BNPL,4.0
2022-09-02,36-45,CA,Male,Middle,App,Electronics,Laptops,Dell,XPS,1498.0,1300.0,2.0,1.32,2997.0,18.0,378.0,Digital Wallet,4.0
2022-09-02,56-65,FL,Other,Middle,Others,Home,Furniture,IKEA,Billy Bookcase,170.0,100.0,1.0,1.81,170.0,15.0,55.0,Debit Card,6.0
2022-09-02,18-25,MI,Female,Middle,Organic,Electronics,Smartphones,Samsung,Galaxy S21,814.0,500.0,3.0,1.59,2443.0,22.0,921.0,Debit Card,5.0
2022-09-02,26-35,TX,Other,Middle,Affiliates,Clothing,T-Shirts,Nike,Sportswear,36.0,25.0,5.0,1.72,181.0,10.0,45.0,Debit Card,5.0
2022-09-02,26-35,CA,Male,Low,Others,Home,Beds,Serta,iComfort,2018.0,1900.0,1.0,1.16,2018.0,14.0,104.0,Credit Card,3.0
2022-09-02,36-45,FL,Male,High,Email,Electronics,Smartphones,Samsung,Galaxy S21,677.0,500.0,2.0,1.36,1355.0,15.0,339.0,BNPL,4.0
2022-09-02,18-25,MI,Male,Middle,Others,Beauty,Makeup,Revlon,ColorStay Lipstick,18.0,15.0,4.0,1.42,74.0,9.0,5.0,Credit Card,4.0
2022-09-02,46-55,FL,Female,Middle,PPC,Electronics,Laptops,Dell,XPS,1499.0,1300.0,2.0,1.65,2998.0,21.0,376.0,BNPL,3.0
2022-09-02,26-35,NC,Male,High,Organic,Electronics,Smartphones,Apple,iPhone 14,934.0,700.0,2.0,0.58,1869.0,18.0,451.0,Credit Card,6.0
2022-09-02,66+,FL,Female,Middle,App,Clothing,Jeans,Levis,Bootcut,112.0,100.0,2.0,1.43,223.0,8.0,15.0,Debit Card,3.0
2022-09-02,26-35,PA,Female,Middle,Organic,Home,Furniture,IKEA,Kallax Shelf,74.0,60.0,1.0,1.15,74.0,16.0,-2.0,Debit Card,6.0
2022-09-02,56-65,NC,Male,Middle,Affiliates,Home,Beds,Serta,iComfort,2371.0,1900.0,1.0,1.63,2371.0,20.0,451.0,BNPL,6.0
2022-09-02,46-55,CA,Female,Low,Email,Clothing,T-Shirts,Nike,Pro,47.0,30.0,4.0,1.59,188.0,7.0,61.0,Debit Card,7.0
2022-09-02,26-35,CA,Other,Middle,Others,Electronics,Laptops,HP,Pavilion,773.0,600.0,2.0,1.21,1545.0,18.0,327.0,Debit Card,5.0
2022-09-02,36-45,PA,Female,Middle,PPC,Beauty,Makeup,Maybelline,Fit Me Foundation,17.0,15.0,4.0,1.79,67.0,8.0,-1.0,BNPL,5.0
2022-09-02,26-35,CA,Male,Low,PPC,Electronics,Smartphones,Apple,iPhone 15,1058.0,800.0,2.0,0.66,2116.0,12.0,503.0,Credit Card,3.0
2022-09-02,46-55,FL,Other,High,Organic,Home,Furniture,IKEA,Billy Bookcase,152.0,100.0,2.0,1.65,305.0,25.0,80.0,Credit Card,5.0
2022-09-02,46-55,CA,Male,Middle,Email,Beauty,Skincare,Neutrogena,Rapid Wrinkle Repair,30.0,20.0,2.0,1.73,60.0,4.0,17.0,Credit Card,3.0
2022-09-02,36-45,IL,Female,Low,App,Beauty,Makeup,Maybelline,Lash Sensational Mascara,16.0,10.0,5.0,1.3,81.0,9.0,22.0,Debit Card,5.0
2022-09-02,66+,CA,Female,High,PPC,Home,Furniture,IKEA,Billy Bookcase,122.0,100.0,2.0,0.58,244.0,22.0,21.0,Credit Card,4.0
2022-09-02,36-45,TX,Other,Middle,Organic,Electronics,Smartphones,Apple,iPhone 14,955.0,700.0,3.0,1.3,2864.0,19.0,744.0,BNPL,5.0
2022-09-02,18-25,NY,Male,Low,Organic,Electronics,Laptops,HP,Envy,870.0,700.0,2.0,0.83,1741.0,23.0,317.0,Digital Wallet,6.0
2022-09-02,26-35,TX,Female,Low,Organic,Beauty,Makeup,Maybelline,Fit Me Foundation,21.0,15.0,3.0,1.35,62.0,6.0,10.0,Digital Wallet,4.0
2022-09-02,36-45,FL,Other,Middle,Others,Beauty,Makeup,Revlon,ColorStay Lipstick,16.0,15.0,6.0,1.32,97.0,9.0,-2.0,Digital Wallet,6.0
2022-09-02,46-55,IL,Female,Middle,App,Electronics,Smartphones,Samsung,Galaxy S21,735.0,500.0,3.0,0.81,2204.0,21.0,683.0,Debit Card,5.0
2022-09-02,26-35,TX,Female,Middle,Email,Home,Furniture,IKEA,Billy Bookcase,160.0,100.0,1.0,0.54,160.0,14.0,45.0,Digital Wallet,6.0
2022-09-02,56-65,TX,Female,Low,PPC,Beauty,Makeup,Maybelline,Lash Sensational Mascara,15.0,10.0,4.0,1.42,58.0,7.0,11.0,Debit Card,6.0
2022-09-02,18-25,CA,Female,Low,Email,Home,Beds,Serta,iComfort,2200.0,1900.0,2.0,1.13,4401.0,26.0,575.0,Digital Wallet,4.0
2022-09-02,26-35,FL,Female,Middle,App,Beauty,Makeup,Maybelline,Fit Me Foundation,21.0,15.0,6.0,1.63,126.0,9.0,27.0,BNPL,5.0
2022-09-02,46-55,FL,Male,High,App,Beauty,Skincare,Neutrogena,Rapid Wrinkle Repair,31.0,20.0,4.0,1.41,124.0,8.0,36.0,Credit Card,6.0
2022-09-02,46-55,CA,Female,Middle,Organic,Home,Furniture,Ashley Furniture,Dining Table,376.0,200.0,1.0,1.0,376.0,12.0,164.0,Digital Wallet,5.0
2022-09-02,46-55,MI,Male,Low,Others,Electronics,Smartphones,Apple,iPhone SE,563.0,400.0,2.0,0.69,1126.0,17.0,309.0,Debit Card,5.0
2022-09-02,56-65,NY,Female,High,Organic,Electronics,Smartphones,Apple,iPhone 15,1058.0,800.0,3.0,1.01,3174.0,22.0,752.0,Credit Card,5.0
2022-09-02,26-35,IL,Male,Middle,App,Electronics,Smartphones,Apple,iPhone 15,1046.0,800.0,1.0,1.98,1046.0,11.0,234.0,Credit Card,4.0
2022-09-02,66+,CA,Female,Low,Others,Home,Beds,Serta,iComfort,2407.0,1900.0,1.0,0.76,2407.0,14.0,493.0,Debit Card,3.0
2022-09-02,26-35,OH,Other,Low,Others,Electronics,Smartphones,Samsung,Galaxy S21,662.0,500.0,1.0,1.03,662.0,10.0,152.0,Credit Card,5.0
2022-09-02,26-35,CA,Male,Middle,Email,Electronics,Smartphones,Samsung,Galaxy A32,356.0,250.0,3.0,0.77,1069.0,17.0,301.0,Digital Wallet,3.0
2022-09-02,18-25,PA,Female,Low,App,Clothing,T-Shirts,Nike,Pro,48.0,30.0,5.0,0.71,240.0,12.0,78.0,Debit Card,6.0
2022-09-02,56-65,CA,Female,Middle,Affiliates,Home,Beds,Serta,iComfort,2345.0,1900.0,1.0,1.04,2345.0,14.0,430.0,Credit Card,3.0
2022-09-02,26-35,NC,Male,High,Others,Electronics,Smartphones,Apple,iPhone 14,971.0,700.0,1.0,1.14,971.0,13.0,258.0,Credit Card,3.0
2022-09-02,26-35,CA,Female,Low,Email,Clothing,Jeans,Levis,Bootcut,127.0,100.0,1.0,1.73,127.0,4.0,23.0,Credit Card,2.0
2022-09-02,26-35,FL,Other,Low,PPC,Home,Beds,Tempur-Pedic,Contour Elite,1857.0,1700.0,2.0,1.69,3714.0,29.0,284.0,Digital Wallet,6.0
2022-09-02,66+,CA,Female,Middle,Email,Electronics,Smartphones,Samsung,Galaxy S21,696.0,500.0,2.0,0.92,1392.0,12.0,380.0,Debit Card,3.0
2022-09-02,36-45,CA,Female,Middle,App,Electronics,Smartphones,Apple,iPhone 15,1089.0,800.0,3.0,0.76,3268.0,17.0,851.0,Digital Wallet,3.0
2022-09-02,26-35,TX,Other,Middle,Organic,Beauty,Makeup,Maybelline,Fit Me Foundation,18.0,15.0,6.0,1.72,106.0,8.0,9.0,Digital Wallet,6.0
2022-09-02,36-45,NY,Female,High,Others,Home,Furniture,IKEA,Billy Bookcase,146.0,100.0,2.0,0.93,292.0,27.0,65.0,Debit Card,5.0
2022-09-02,18-25,IL,Female,Low,Others,Beauty,Makeup,Revlon,ColorStay Lipstick,20.0,15.0,5.0,1.03,100.0,9.0,15.0,Debit Card,5.0
2022-09-02,66+,NY,Female,Middle,Organic,Beauty,Skincare,Neutrogena,Rapid Wrinkle Repair,28.0,20.0,1.0,1.99,28.0,8.0,0.0,Digital Wallet,4.0
2022-09-02,26-35,CA,Male,Middle,App,Beauty,Makeup,Maybelline,Lash Sensational Mascara,16.0,10.0,4.0,1.53,63.0,5.0,18.0,Credit Card,4.0
2022-09-02,26-35,NC,Female,Low,Affiliates,Electronics,Smartphones,Apple,iPhone 14,970.0,700.0,3.0,1.11,2909.0,23.0,786.0,Digital Wallet,4.0
2022-09-02,56-65,CA,Female,Middle,Organic,Home,Furniture,IKEA,Kallax Shelf,80.0,60.0,2.0,1.88,160.0,22.0,18.0,Credit Card,4.0
2022-09-02,46-55,TX,Male,High,Email,Electronics,Smartphones,Apple,iPhone 14,978.0,700.0,1.0,0.52,978.0,9.0,268.0,Digital Wallet,4.0
2022-09-02,26-35,NY,Other,High,Email,Electronics,Smartphones,Apple,iPhone 14,908.0,700.0,1.0,1.49,908.0,12.0,196.0,Credit Card,4.0
2022-09-02,26-35,TX,Female,Middle,Others,Clothing,Jeans,Wrangler,Authentics,52.0,30.0,3.0,1.05,156.0,9.0,58.0,Debit Card,5.0
2022-09-02,46-55,TX,Female,Low,Email,Beauty,Makeup,Maybelline,Fit Me Foundation,15.0,15.0,5.0,1.84,75.0,7.0,-7.0,Debit Card,6.0
2022-09-02,36-45,FL,Female,Middle,Others,Beauty,Makeup,Revlon,ColorStay Lipstick,20.0,15.0,3.0,1.97,60.0,7.0,8.0,Debit Card,5.0
2022-09-02,66+,CA,Female,Middle,Others,Home,Beds,Serta,iComfort,2198.0,1900.0,2.0,0.66,4396.0,26.0,570.0,Debit Card,3.0
2022-09-02,26-35,GA,Other,Middle,Organic,Beauty,Skincare,Neutrogena,Rapid Wrinkle Repair,35.0,20.0,3.0,1.18,105.0,5.0,39.0,BNPL,4.0
2022-09-02,36-45,CA,Male,Low,Email,Electronics,Smartphones,Apple,iPhone 14,952.0,700.0,3.0,0.78,2855.0,17.0,738.0,Credit Card,4.0
2022-09-02,56-65,NY,Male,High,Others,Electronics,Smartphones,Samsung,Galaxy S21,733.0,500.0,2.0,1.81,1467.0,17.0,449.0,Digital Wallet,4.0
2022-09-02,46-55,PA,Other,Middle,Email,Beauty,Makeup,Revlon,ColorStay Lipstick,24.0,15.0,3.0,0.82,71.0,8.0,18.0,Credit Card,3.0
2022-09-02,46-55,FL,Male,High,App,Clothing,Jeans,Levis,501 Original,88.0,60.0,2.0,1.7,176.0,8.0,47.0,Debit Card,4.0
2022-09-02,26-35,FL,Female,Middle,Organic,Beauty,Makeup,Maybelline,Fit Me Foundation,15.0,15.0,6.0,1.36,92.0,9.0,-7.0,Debit Card,5.0
2022-09-02,26-35,NY,Female,Middle,Organic,Beauty,Makeup,Maybelline,Fit Me Foundation,21.0,15.0,6.0,1.78,124.0,11.0,23.0,Digital Wallet,5.0
2022-09-02,18-25,NY,Female,High,App,Home,Furniture,IKEA,Billy Bookcase,113.0,100.0,1.0,1.04,113.0,17.0,-4.0,Credit Card,5.0
2022-09-02,56-65,PA,Male,Middle,Others,Home,Beds,Tempur-Pedic,Contour Elite,1854.0,1700.0,1.0,1.27,1854.0,18.0,136.0,Debit Card,3.0
2022-09-02,66+,CA,Female,Middle,Others,Clothing,T-Shirts,Adidas,Performance,65.0,45.0,2.0,0.88,130.0,5.0,35.0,Digital Wallet,2.0
2022-09-02,26-35,IL,Male,Middle,Organic,Beauty,Makeup,Revlon,ColorStay Lipstick,20.0,15.0,3.0,1.86,60.0,8.0,6.0,Credit Card,5.0
2022-09-02,26-35,NC,Other,Low,PPC,Clothing,Jeans,Wrangler,Authentics,50.0,30.0,1.0,1.3,50.0,10.0,10.0,Credit Card,5.0
2022-09-02,36-45,NC,Male,Low,Organic,Home,Beds,Tempur-Pedic,Contour Elite,1963.0,1700.0,2.0,0.63,3926.0,32.0,494.0,Digital Wallet,4.0
2022-09-02,26-35,TX,Other,Low,Others,Electronics,Smartphones,Apple,iPhone 15,1014.0,800.0,2.0,1.75,2027.0,14.0,413.0,Debit Card,4.0
2022-09-02,46-55,CA,Male,High,App,Clothing,Jeans,Wrangler,Regular Fit,57.0,35.0,2.0,1.12,115.0,5.0,40.0,Digital Wallet,4.0
2022-09-02,36-45,OH,Male,Middle,App,Beauty,Makeup,Revlon,PhotoReady Concealer,15.0,12.0,2.0,0.63,31.0,6.0,1.0,Debit Card,4.0
2022-09-02,18-25,NY,Female,Middle,App,Home,Beds,Tempur-Pedic,Cloud Supreme,2007.0,1800.0,2.0,1.14,4015.0,31.0,383.0,Digital Wallet,6.0
2022-09-02,18-25,CA,Male,High,Organic,Electronics,Smartphones,Apple,iPhone 15,1046.0,800.0,3.0,0.75,3138.0,17.0,721.0,Digital Wallet,4.0
2022-09-02,36-45,NY,Male,Low,App,Clothing,Jeans,Levis,Bootcut,120.0,100.0,2.0,1.24,241.0,10.0,30.0,Digital Wallet,4.0
2022-09-02,18-25,FL,Male,Middle,Others,Beauty,Makeup,Maybelline,Fit Me Foundation,16.0,15.0,5.0,1.43,78.0,8.0,-5.0,Credit Card,6.0
2022-09-02,26-35,MI,Male,Low,Affiliates,Beauty,Skincare,Neutrogena,Oil-Free Acne Wash,21.0,15.0,2.0,1.7,42.0,8.0,4.0,Digital Wallet,5.0
2022-09-02,36-45,IL,Female,High,App,Clothing,Jeans,Levis,501 Original,79.0,60.0,2.0,1.29,158.0,9.0,29.0,Debit Card,5.0
2022-09-02,46-55,FL,Other,Low,Affiliates,Electronics,Smartphones,Apple,iPhone 14,945.0,700.0,3.0,0.55,2834.0,20.0,714.0,Digital Wallet,4.0
2022-09-02,46-55,NY,Female,Middle,Email,Beauty,Makeup,Revlon,PhotoReady Concealer,16.0,12.0,2.0,1.82,32.0,9.0,-0.0,Digital Wallet,3.0
2022-09-02,56-65,NY,Female,Middle,PPC,Electronics,Smartphones,Samsung,Galaxy S21,753.0,500.0,3.0,1.16,2258.0,22.0,735.0,Credit Card,5.0
2022-09-02,46-55,FL,Male,Middle,Organic,Beauty,Skincare,Neutrogena,Oil-Free Acne Wash,19.0,15.0,2.0,1.07,39.0,7.0,2.0,Debit Card,4.0
2022-09-02,26-35,MI,Male,Low,App,Electronics,Smartphones,Samsung,Galaxy Z Fold 5,1751.0,1500.0,1.0,0.95,1751.0,12.0,239.0,Debit Card,3.0
2022-09-02,26-35,PA,Male,High,PPC,Electronics,Smartphones,Samsung,Galaxy A32,342.0,250.0,2.0,1.52,683.0,16.0,167.0,Debit Card,7.0
2022-09-02,46-55,PA,Male,Middle,Email,Home,Beds,Tempur-Pedic,Cloud Supreme,1996.0,1800.0,2.0,1.25,3992.0,30.0,362.0,Digital Wallet,6.0
2022-09-02,26-35,CA,Female,Middle,PPC,Electronics,Smartphones,Apple,iPhone 14,949.0,700.0,2.0,1.37,1897.0,12.0,485.0,Digital Wallet,3.0
2022-09-02,26-35,NY,Male,Middle,Organic,Clothing,T-Shirts,Nike,Sportswear,38.0,25.0,5.0,1.33,192.0,13.0,53.0,Credit Card,7.0
2022-09-02,66+,OH,Female,High,App,Electronics,Laptops,Dell,Inspiron,916.0,600.0,1.0,1.13,916.0,13.0,303.0,Debit Card,4.0
2022-09-02,26-35,FL,Female,Low,Others,Clothing,T-Shirts,Nike,Pro,45.0,30.0,2.0,1.48,89.0,8.0,22.0,BNPL,5.0
2022-09-02,46-55,TX,Female,Low,Others,Electronics,Smartphones,Apple,iPhone 15,1030.0,800.0,2.0,1.04,2061.0,14.0,446.0,Debit Card,4.0
2022-09-02,18-25,TX,Female,Low,Organic,Electronics,Smartphones,Samsung,Galaxy S21,702.0,500.0,2.0,0.73,1403.0,14.0,389.0,Digital Wallet,5.0
2022-09-02,66+,CA,Male,Low,App,Electronics,Smartphones,Samsung,Galaxy A32,297.0,250.0,2.0,1.01,594.0,12.0,81.0,Credit Card,4.0
2022-09-02,18-25,TX,Female,Middle,PPC,Beauty,Makeup,Maybelline,Fit Me Foundation,22.0,15.0,1.0,1.55,22.0,5.0,2.0,Digital Wallet,3.0
2022-09-02,46-55,CA,Female,Middle,Organic,Electronics,Smartphones,Apple,iPhone 14,985.0,700.0,2.0,0.66,1971.0,12.0,559.0,Debit Card,3.0
2022-09-02,56-65,IL,Male,Low,App,Electronics,Smartphones,Samsung,Galaxy Z Fold 5,1793.0,1500.0,2.0,1.86,3586.0,16.0,569.0,Digital Wallet,4.0
2022-09-02,26-35,TX,Male,Middle,Others,Clothing,Jeans,Wrangler,Authentics,48.0,30.0,1.0,0.91,48.0,6.0,12.0,Digital Wallet,2.0
2022-09-02,36-45,GA,Female,Middle,App,Clothing,Jeans,Levis,501 Original,78.0,60.0,3.0,1.2,233.0,8.0,45.0,Credit Card,5.0
2022-09-02,66+,PA,Female,Middle,App,Beauty,Skincare,Neutrogena,Hydro Boost Gel,27.0,20.0,1.0,1.81,27.0,7.0,0.0,Credit Card,3.0
2022-09-02,46-55,CA,Male,Middle,PPC,Beauty,Makeup,Revlon,PhotoReady Concealer,20.0,12.0,2.0,1.29,39.0,4.0,12.0,Debit Card,4.0
2022-09-02,26-35,TX,Other,High,Organic,Electronics,Smartphones,Samsung,Galaxy A32,325.0,250.0,3.0,0.82,976.0,19.0,207.0,Digital Wallet,5.0
2022-09-02,26-35,FL,Female,Middle,Organic,Electronics,Smartphones,Apple,iPhone 14,980.0,700.0,1.0,1.41,980.0,10.0,270.0,Digital Wallet,3.0
2022-09-02,36-45,CA,Female,Low,Organic,Home,Beds,Tempur-Pedic,Contour Elite,1937.0,1700.0,1.0,1.21,1937.0,14.0,223.0,Credit Card,4.0
2022-09-02,56-65,NY,Other,High,Organic,Electronics,Smartphones,Apple,iPhone 14,911.0,700.0,3.0,1.45,2733.0,22.0,611.0,Credit Card,4.0
2022-09-02,26-35,TX,Female,High,PPC,Electronics,Smartphones,Apple,iPhone 14,925.0,700.0,2.0,1.87,1849.0,14.0,435.0,Credit Card,4.0
2022-09-02,56-65,NY,Female,Middle,App,Electronics,Laptops,Apple Laptop,MacBook Pro M2,1406.0,1200.0,2.0,0.94,2812.0,23.0,389.0,Debit Card,5.0
2022-09-02,56-65,NY,Male,Low,Affiliates,Beauty,Makeup,Maybelline,Lash Sensational Mascara,11.0,10.0,6.0,0.79,67.0,11.0,-4.0,Credit Card,7.0
2022-09-02,36-45,NC,Male,High,Others,Clothing,T-Shirts,Nike,Dry-FIT,34.0,20.0,2.0,1.38,68.0,11.0,17.0,Credit Card,4.0
2022-09-02,26-35,IL,Other,Middle,PPC,Electronics,Smartphones,Apple,iPhone 15,1031.0,800.0,3.0,1.99,3092.0,21.0,670.0,Debit Card,5.0
2022-09-02,18-25,MI,Female,High,Affiliates,Home,Beds,Tempur-Pedic,Contour Elite,1976.0,1700.0,2.0,1.5,3951.0,31.0,520.0,Debit Card,5.0
2022-09-02,26-35,NY,Female,Middle,App,Home,Beds,Tempur-Pedic,Cloud Supreme,2062.0,1800.0,1.0,0.96,2062.0,19.0,243.0,Credit Card,6.0
2022-09-02,36-45,TX,Female,High,PPC,Home,Furniture,Ashley Furniture,Bed Frame,237.0,100.0,1.0,1.57,237.0,14.0,122.0,Digital Wallet,7.0
2022-09-02,46-55,TX,Female,Middle,Affiliates,Home,Furniture,IKEA,Billy Bookcase,139.0,100.0,2.0,1.02,278.0,24.0,53.0,Digital Wallet,6.0
2022-09-02,26-35,MI,Female,Middle,Organic,Electronics,Smartphones,Samsung,Galaxy S21,708.0,500.0,2.0,1.48,1417.0,17.0,400.0,BNPL,4.0
2022-09-02,26-35,CA,Male,High,Organic,Electronics,Smartphones,Samsung,Galaxy S21,681.0,500.0,1.0,0.68,681.0,7.0,174.0,Digital Wallet,2.0
2022-09-02,56-65,PA,Other,Low,App,Clothing,T-Shirts,Adidas,Performance,75.0,45.0,3.0,1.3,225.0,9.0,81.0,Debit Card,4.0
2022-09-02,56-65,NY,Female,Low,Affiliates,Electronics,Laptops,Apple Laptop,MacBook Air M2,1156.0,1000.0,2.0,1.04,2312.0,23.0,289.0,Digital Wallet,5.0
2022-09-02,36-45,MI,Male,Low,PPC,Clothing,T-Shirts,Nike,Dry-FIT,28.0,20.0,3.0,0.78,85.0,10.0,14.0,BNPL,5.0
2022-09-02,36-45,TX,Male,Low,App,Clothing,Jeans,Levis,Slim Fit,68.0,50.0,3.0,1.31,205.0,9.0,46.0,BNPL,6.0
2022-09-02,26-35,CA,Male,High,App,Beauty,Skincare,Neutrogena,Rapid Wrinkle Repair,36.0,20.0,3.0,0.54,107.0,4.0,43.0,BNPL,5.0
2022-09-02,26-35,PA,Female,High,Affiliates,Beauty,Makeup,Maybelline,Fit Me Foundation,15.0,15.0,3.0,1.91,46.0,8.0,-7.0,Digital Wallet,4.0
2022-09-02,56-65,NY,Other,Middle,Email,Beauty,Skincare,Neutrogena,Rapid Wrinkle Repair,30.0,20.0,3.0,1.37,91.0,9.0,22.0,Credit Card,4.0
2022-09-02,26-35,FL,Female,Middle,Organic,Beauty,Skincare,Neutrogena,Rapid Wrinkle Repair,30.0,20.0,4.0,2.0,122.0,8.0,33.0,Debit Card,4.0
2022-09-02,26-35,NY,Male,Middle,Organic,Clothing,Jeans,Levis,501 Original,76.0,60.0,3.0,1.82,227.0,12.0,35.0,Digital Wallet,5.0
2022-09-02,26-35,FL,Male,Low,PPC,Clothing,T-Shirts,Adidas,Essentials,39.0,35.0,5.0,1.12,194.0,11.0,8.0,Credit Card,7.0
2022-09-02,66+,IL,Female,Low,App,Beauty,Makeup,Maybelline,Lash Sensational Mascara,10.0,10.0,4.0,1.16,42.0,9.0,-7.0,Debit Card,5.0
2022-09-02,36-45,FL,Male,Middle,Others,Beauty,Makeup,Maybelline,Fit Me Foundation,15.0,15.0,4.0,0.8,59.0,8.0,-9.0,Digital Wallet,4.0
2022-09-02,46-55,TX,Male,High,Organic,Electronics,Smartphones,Samsung,Galaxy Z Fold 5,1738.0,1500.0,3.0,0.83,5215.0,19.0,695.0,Credit Card,4.0
2022-09-02,56-65,GA,Other,Low,Organic,Electronics,Smartphones,Apple,iPhone 15,1095.0,800.0,3.0,0.66,3284.0,18.0,866.0,Digital Wallet,6.0
2022-09-02,36-45,FL,Male,High,Organic,Electronics,Smartphones,Apple,iPhone SE,597.0,400.0,2.0,1.16,1193.0,15.0,378.0,Digital Wallet,4.0
2022-09-02,36-45,IL,Other,High,Organic,Electronics,Smartphones,Samsung,Galaxy Z Fold 5,1769.0,1500.0,3.0,0.91,5306.0,21.0,785.0,Debit Card,4.0
2022-09-02,66+,NY,Male,Middle,Email,Beauty,Makeup,Maybelline,Fit Me Foundation,16.0,15.0,3.0,1.51,49.0,9.0,-5.0,Debit Card,5.0
2022-09-02,18-25,GA,Male,Middle,Affiliates,Clothing,T-Shirts,Nike,Sportswear,35.0,25.0,5.0,1.81,176.0,9.0,41.0,Credit Card,5.0
2022-09-02,26-35,NY,Female,High,PPC,Home,Furniture,Ashley Furniture,Bed Frame,258.0,100.0,1.0,1.69,258.0,17.0,141.0,BNPL,5.0
2022-09-02,36-45,CA,Female,Middle,Organic,Electronics,Smartphones,Apple,iPhone SE,606.0,400.0,3.0,1.73,1819.0,17.0,602.0,Digital Wallet,4.0
2022-09-02,36-45,MI,Male,Low,App,Beauty,Makeup,Maybelline,Fit Me Foundation,16.0,15.0,4.0,1.68,65.0,9.0,-4.0,Debit Card,5.0
2022-09-02,36-45,GA,Other,Low,PPC,Electronics,Laptops,Dell,Inspiron,828.0,600.0,2.0,0.59,1655.0,19.0,436.0,Credit Card,5.0
2022-09-02,26-35,FL,Female,Low,Others,Clothing,Jeans,Levis,Bootcut,117.0,100.0,2.0,1.78,235.0,8.0,26.0,BNPL,12.0
2022-09-02,26-35,GA,Male,High,Organic,Electronics,Smartphones,Apple,iPhone 14,957.0,700.0,2.0,0.69,1914.0,13.0,501.0,Credit Card,4.0
2022-09-02,56-65,GA,Male,Middle,Organic,Beauty,Skincare,Neutrogena,Hydro Boost Gel,28.0,20.0,3.0,1.37,83.0,5.0,18.0,Debit Card,5.0
2022-09-02,18-25,OH,Female,Low,Email,Beauty,Skincare,Neutrogena,Hydro Boost Gel,27.0,20.0,1.0,0.91,27.0,6.0,1.0,Digital Wallet,5.0
2022-09-02,18-25,CA,Other,High,Others,Electronics,Laptops,Apple Laptop,MacBook Pro M2,1318.0,1200.0,2.0,1.44,2637.0,18.0,219.0,Credit Card,3.0
2022-09-02,36-45,TX,Male,Middle,Affiliates,Beauty,Makeup,Maybelline,Fit Me Foundation,16.0,15.0,3.0,1.05,47.0,6.0,-4.0,Debit Card,2.0
2022-09-02,26-35,TX,Female,Low,Organic,Clothing,Jeans,Wrangler,Authentics,61.0,30.0,3.0,1.25,183.0,9.0,84.0,Debit Card,3.0
2022-09-02,36-45,MI,Other,Middle,Organic,Beauty,Makeup,Maybelline,Lash Sensational Mascara,11.0,10.0,3.0,1.34,34.0,9.0,-5.0,Debit Card,6.0
2022-09-02,26-35,MI,Female,High,Affiliates,Beauty,Makeup,Maybelline,Fit Me Foundation,22.0,15.0,2.0,0.92,44.0,8.0,6.0,BNPL,3.0
2022-09-02,66+,FL,Other,Middle,Affiliates,Home,Furniture,IKEA,Billy Bookcase,132.0,100.0,2.0,0.54,263.0,25.0,38.0,Debit Card,5.0
2022-09-02,56-65,CA,Other,Middle,PPC,Home,Furniture,IKEA,Kallax Shelf,77.0,60.0,1.0,1.42,77.0,12.0,5.0,Digital Wallet,3.0
2022-09-02,26-35,TX,Male,High,App,Beauty,Makeup,Revlon,ColorStay Lipstick,22.0,15.0,5.0,1.12,112.0,7.0,30.0,Debit Card,5.0
2022-09-02,26-35,TX,Male,Middle,Organic,Beauty,Makeup,Maybelline,Fit Me Foundation,25.0,15.0,4.0,0.74,99.0,7.0,32.0,Credit Card,4.0
2022-09-02,56-65,OH,Other,Low,Others,Electronics,Smartphones,Apple,iPhone SE,590.0,400.0,11.0,1.06,6491.0,60.0,2031.0,Credit Card,9.0
2022-09-02,36-45,TX,Other,Low,Organic,Beauty,Makeup,Revlon,ColorStay Lipstick,21.0,15.0,5.0,1.62,107.0,7.0,25.0,Credit Card,6.0
2022-09-02,26-35,OH,Female,High,Affiliates,Beauty,Makeup,Maybelline,Lash Sensational Mascara,18.0,10.0,6.0,1.34,107.0,8.0,38.0,Credit Card,6.0
2022-09-02,66+,GA,Male,Low,Organic,Beauty,Skincare,Neutrogena,Hydro Boost Gel,29.0,20.0,2.0,1.12,58.0,5.0,13.0,Credit Card,4.0
2022-09-02,26-35,TX,Male,Middle,Email,Electronics,Smartphones,Apple,iPhone 15,1063.0,800.0,8.0,1.18,8508.0,44.0,2063.0,Debit Card,8.0
2022-09-02,36-45,OH,Other,Low,PPC,Beauty,Makeup,Maybelline,Fit Me Foundation,18.0,15.0,6.0,1.23,106.0,8.0,8.0,Credit Card,7.0
2022-09-02,26-35,MI,Male,Low,Others,Electronics,Laptops,Apple Laptop,MacBook Pro M3,1681.0,1500.0,1.0,1.51,1681.0,15.0,166.0,Credit Card,2.0
2022-09-02,26-35,FL,Female,High,PPC,Beauty,Skincare,Neutrogena,Oil-Free Acne Wash,17.0,15.0,2.0,0.73,35.0,7.0,-2.0,BNPL,3.0
2022-09-02,36-45,FL,Female,High,Affiliates,Electronics,Laptops,HP,Envy,833.0,700.0,2.0,1.33,1665.0,21.0,244.0,Debit Card,4.0
2022-09-02,36-45,PA,Male,Middle,Organic,Electronics,Laptops,Apple Laptop,MacBook Pro M3,1787.0,1500.0,1.0,1.53,1787.0,14.0,273.0,Digital Wallet,4.0
2022-09-02,46-55,CA,Other,Middle,Email,Home,Furniture,Ashley Furniture,Sofa,418.0,300.0,2.0,1.13,836.0,22.0,214.0,Digital Wallet,3.0
2022-09-02,46-55,IL,Other,Middle,PPC,Electronics,Laptops,Apple Laptop,MacBook Pro M3,1718.0,1500.0,2.0,0.52,3436.0,22.0,414.0,Debit Card,6.0
2022-09-02,36-45,NC,Male,Middle,Affiliates,Beauty,Makeup,Maybelline,Lash Sensational Mascara,12.0,10.0,6.0,1.9,72.0,12.0,-0.0,Credit Card,7.0
2022-09-02,46-55,IL,Other,Middle,Others,Beauty,Makeup,Maybelline,Fit Me Foundation,17.0,15.0,2.0,0.59,33.0,8.0,-4.0,Debit Card,3.0
2022-09-02,18-25,NY,Male,Low,Email,Electronics,Laptops,Dell,XPS,1548.0,1300.0,1.0,1.57,1548.0,15.0,233.0,Credit Card,4.0
2022-09-02,56-65,NC,Male,Low,Organic,Home,Beds,Tempur-Pedic,Contour Elite,2031.0,1700.0,6.0,1.66,12189.0,80.0,1909.0,Digital Wallet,7.0
2022-09-02,56-65,OH,Male,High,Affiliates,Electronics,Laptops,Apple Laptop,MacBook Air M2,1235.0,1000.0,1.0,1.37,1235.0,13.0,222.0,BNPL,3.0
2022-09-02,46-55,FL,Male,Low,Email,Home,Beds,Tempur-Pedic,Contour Elite,1821.0,1700.0,1.0,1.88,1821.0,17.0,104.0,Credit Card,6.0
2022-09-02,66+,NC,Female,Middle,PPC,Home,Furniture,Ashley Furniture,Dining Table,371.0,200.0,1.0,0.98,371.0,18.0,152.0,Digital Wallet,5.0
2022-09-02,46-55,PA,Other,Low,App,Beauty,Skincare,Neutrogena,Hydro Boost Gel,22.0,20.0,2.0,0.74,44.0,7.0,-3.0,Credit Card,3.0
2022-09-02,18-25,FL,Female,Middle,App,Home,Furniture,IKEA,Billy Bookcase,160.0,100.0,1.0,0.83,160.0,15.0,44.0,Debit Card,5.0
2022-09-02,56-65,NY,Female,Low,Email,Electronics,Smartphones,Apple,iPhone 14,941.0,700.0,2.0,1.57,1882.0,17.0,464.0,Debit Card,3.0
2022-09-02,36-45,FL,Female,Low,PPC,Electronics,Laptops,Apple Laptop,MacBook Air M1,1023.0,900.0,2.0,1.46,2046.0,21.0,225.0,BNPL,5.0
2022-09-02,18-25,TX,Female,High,Affiliates,Clothing,T-Shirts,Adidas,Essentials,43.0,35.0,1.0,0.7,43.0,6.0,2.0,Credit Card,4.0
2022-09-02,46-55,MI,Female,High,Organic,Electronics,Laptops,Apple Laptop,MacBook Air M1,1076.0,900.0,1.0,1.43,1076.0,15.0,161.0,Credit Card,3.0
2022-09-02,46-55,OH,Female,Low,App,Electronics,Smartphones,Samsung,Galaxy Z Fold 5,1762.0,1500.0,2.0,1.82,3524.0,15.0,509.0,Digital Wallet,4.0
2022-09-02,18-25,CA,Female,Low,Email,Electronics,Laptops,HP,Envy,932.0,700.0,2.0,1.92,1863.0,18.0,445.0,Credit Card,2.0
2022-09-02,26-35,PA,Male,Low,Others,Electronics,Smartphones,Samsung,Galaxy A32,344.0,250.0,3.0,1.42,1033.0,21.0,262.0,Credit Card,6.0
2022-09-02,26-35,PA,Male,Middle,Email,Beauty,Skincare,Neutrogena,Rapid Wrinkle Repair,27.0,20.0,3.0,1.87,81.0,8.0,13.0,Credit Card,5.0
2022-09-02,46-55,FL,Male,High,App,Beauty,Makeup,Revlon,PhotoReady Concealer,15.0,12.0,2.0,1.94,29.0,7.0,-1.0,Debit Card,6.0
2022-09-02,56-65,CA,Female,Low,Email,Beauty,Makeup,Maybelline,Lash Sensational Mascara,15.0,10.0,5.0,0.58,73.0,5.0,17.0,Digital Wallet,11.0
2022-09-02,36-45,FL,Female,Middle,Affiliates,Beauty,Makeup,Maybelline,Fit Me Foundation,19.0,15.0,3.0,1.15,57.0,7.0,5.0,Digital Wallet,4.0
2022-09-02,36-45,NC,Female,Low,PPC,Electronics,Laptops,HP,Envy,847.0,700.0,1.0,0.55,847.0,16.0,131.0,Debit Card,5.0
2022-09-02,26-35,FL,Female,Low,App,Electronics,Smartphones,Apple,iPhone 15,998.0,800.0,3.0,0.65,2994.0,20.0,574.0,Credit Card,4.0
2022-09-02,46-55,TX,Male,Middle,Affiliates,Home,Furniture,IKEA,Billy Bookcase,165.0,100.0,1.0,0.91,165.0,14.0,51.0,Debit Card,4.0
2022-09-02,66+,GA,Female,Low,Organic,Home,Furniture,IKEA,Billy Bookcase,109.0,100.0,1.0,1.33,109.0,13.0,-4.0,Digital Wallet,6.0
2022-09-02,26-35,CA,Other,Middle,Email,Clothing,T-Shirts,Adidas,Performance,70.0,45.0,1.0,1.88,70.0,4.0,22.0,Digital Wallet,2.0
2022-09-02,26-35,NY,Male,Middle,App,Electronics,Smartphones,Samsung,Galaxy A32,280.0,250.0,2.0,0.86,560.0,17.0,43.0,Debit Card,4.0
2022-09-02,18-25,TX,Female,High,Affiliates,Electronics,Smartphones,Samsung,Galaxy A32,352.0,250.0,1.0,1.82,352.0,9.0,93.0,Debit Card,2.0
2022-09-02,46-55,FL,Female,Middle,PPC,Electronics,Laptops,Dell,Inspiron,872.0,600.0,1.0,1.25,872.0,13.0,259.0,Debit Card,2.0
2022-09-02,56-65,FL,Male,High,App,Beauty,Makeup,Revlon,ColorStay Lipstick,17.0,15.0,4.0,1.65,68.0,8.0,-0.0,Digital Wallet,5.0
2022-09-02,36-45,IL,Male,Middle,Others,Home,Furniture,Ashley Furniture,Sofa,476.0,300.0,1.0,0.92,476.0,16.0,160.0,Credit Card,5.0
2022-09-02,46-55,PA,Female,Middle,Affiliates,Beauty,Makeup,Maybelline,Fit Me Foundation,20.0,15.0,5.0,1.82,100.0,9.0,16.0,Credit Card,7.0
2022-09-02,26-35,NY,Male,Middle,Others,Beauty,Skincare,Neutrogena,Rapid Wrinkle Repair,21.0,20.0,3.0,1.65,62.0,9.0,-8.0,Credit Card,4.0
2022-09-02,18-25,CA,Female,Middle,App,Beauty,Makeup,Revlon,PhotoReady Concealer,19.0,12.0,2.0,0.99,38.0,4.0,10.0,Digital Wallet,2.0
2022-09-02,66+,NY,Other,Low,App,Electronics,Smartphones,Apple,iPhone 14,947.0,700.0,1.0,1.53,947.0,12.0,235.0,Debit Card,4.0
2022-09-02,36-45,CA,Male,Middle,Organic,Electronics,Smartphones,Apple,iPhone 15,1065.0,800.0,1.0,0.85,1065.0,7.0,258.0,BNPL,3.0
2022-09-02,26-35,FL,Other,Middle,Email,Electronics,Laptops,Dell,Inspiron,780.0,600.0,1.0,0.96,780.0,13.0,166.0,Debit Card,6.0
2022-09-02,26-35,CA,Male,Low,Email,Home,Beds,Tempur-Pedic,Contour Elite,1808.0,1700.0,2.0,1.85,3616.0,26.0,190.0,Credit Card,4.0
2022-09-02,56-65,FL,Female,Middle,Organic,Electronics,Smartphones,Samsung,Galaxy Z Fold 5,1714.0,1500.0,1.0,1.2,1714.0,10.0,203.0,Credit Card,3.0
2022-09-02,26-35,TX,Male,Low,App,Clothing,T-Shirts,Adidas,Essentials,46.0,35.0,2.0,1.4,92.0,7.0,16.0,Digital Wallet,4.0
2022-09-02,46-55,NY,Other,Middle,PPC,Beauty,Makeup,Maybelline,Lash Sensational Mascara,12.0,10.0,4.0,0.56,50.0,10.0,-0.0,BNPL,6.0
2022-09-02,18-25,CA,Female,High,Organic,Electronics,Smartphones,Samsung,Galaxy A32,318.0,250.0,1.0,0.64,318.0,7.0,60.0,Credit Card,2.0
2022-09-02,36-45,IL,Male,Middle,App,Beauty,Makeup,Maybelline,Lash Sensational Mascara,15.0,10.0,1.0,1.57,15.0,7.0,-2.0,Credit Card,3.0
2022-09-02,46-55,FL,Other,Middle,Email,Electronics,Laptops,Apple Laptop,MacBook Pro M3,1727.0,1500.0,1.0,1.77,1727.0,13.0,214.0,Digital Wallet,3.0
2022-09-02,18-25,OH,Male,Middle,Organic,Electronics,Smartphones,Apple,iPhone SE,594.0,400.0,1.0,1.23,594.0,10.0,185.0,Credit Card,3.0
2022-09-02,26-35,FL,Other,High,Affiliates,Home,Furniture,IKEA,Kallax Shelf,56.0,60.0,1.0,0.89,56.0,15.0,-19.0,Digital Wallet,6.0
2022-09-02,18-25,IL,Female,Low,Organic,Clothing,Jeans,Wrangler,Regular Fit,61.0,35.0,2.0,1.53,121.0,9.0,42.0,Debit Card,3.0
2022-09-02,66+,GA,Female,Middle,PPC,Electronics,Smartphones,Samsung,Galaxy A32,338.0,250.0,3.0,0.83,1013.0,18.0,245.0,Debit Card,4.0
2022-09-02,56-65,GA,Male,Middle,Others,Home,Furniture,IKEA,Billy Bookcase,161.0,100.0,2.0,1.59,321.0,23.0,98.0,Credit Card,4.0
2022-09-02,26-35,NY,Male,Middle,Organic,Clothing,T-Shirts,Nike,Pro,56.0,30.0,5.0,1.5,282.0,13.0,118.0,Debit Card,6.0
2022-09-02,36-45,PA,Female,Low,Organic,Beauty,Makeup,Maybelline,Fit Me Foundation,19.0,15.0,2.0,1.9,39.0,7.0,2.0,Digital Wallet,5.0
2022-09-02,26-35,FL,Male,Middle,Affiliates,Electronics,Laptops,Dell,Inspiron,801.0,600.0,2.0,0.99,1603.0,21.0,382.0,BNPL,5.0
2022-09-02,46-55,GA,Male,Middle,Others,Electronics,Laptops,Apple Laptop,MacBook Air M1,1134.0,900.0,1.0,0.74,1134.0,11.0,222.0,Credit Card,5.0
2022-09-02,36-45,OH,Female,Middle,Affiliates,Beauty,Makeup,Maybelline,Lash Sensational Mascara,13.0,10.0,2.0,1.95,26.0,6.0,-0.0,Debit Card,3.0
2022-09-02,46-55,FL,Other,Middle,App,Electronics,Smartphones,Samsung,Galaxy A32,351.0,250.0,1.0,0.51,351.0,10.0,91.0,Debit Card,3.0
2022-09-02,36-45,TX,Other,High,Organic,Clothing,T-Shirts,Adidas,Performance,62.0,45.0,1.0,0.69,62.0,6.0,12.0,Credit Card,4.0
2022-09-02,36-45,MI,Female,Low,App,Beauty,Makeup,Revlon,ColorStay Lipstick,19.0,15.0,5.0,0.97,93.0,10.0,9.0,Digital Wallet,5.0
2022-09-02,18-25,OH,Other,Middle,Organic,Electronics,Laptops,Dell,XPS,1512.0,1300.0,1.0,0.73,1512.0,13.0,199.0,Credit Card,3.0
2022-09-02,46-55,FL,Female,Middle,Email,Clothing,Jeans,Wrangler,Regular Fit,40.0,35.0,2.0,1.03,80.0,8.0,2.0,Credit Card,8.0
2022-09-02,26-35,PA,Other,Middle,Others,Electronics,Laptops,Dell,Inspiron,730.0,600.0,1.0,0.69,730.0,14.0,116.0,Digital Wallet,4.0
2022-09-02,46-55,FL,Female,High,Affiliates,Beauty,Makeup,Maybelline,Fit Me Foundation,19.0,15.0,1.0,1.68,19.0,6.0,-2.0,Credit Card,4.0
2022-09-02,36-45,TX,Other,Middle,App,Electronics,Smartphones,Samsung,Galaxy A32,346.0,250.0,3.0,1.61,1037.0,19.0,268.0,Credit Card,4.0
2022-09-02,26-35,IL,Female,Middle,Others,Clothing,Jeans,Levis,501 Original,79.0,60.0,2.0,1.01,157.0,9.0,28.0,Digital Wallet,5.0
2022-09-02,36-45,OH,Female,Middle,Organic,Electronics,Smartphones,Samsung,Galaxy Z Fold 5,1702.0,1500.0,3.0,1.82,5105.0,20.0,585.0,Credit Card,4.0
2022-09-02,26-35,PA,Other,Low,App,Electronics,Smartphones,Apple,iPhone 14,951.0,700.0,3.0,0.82,2853.0,21.0,732.0,Digital Wallet,4.0
2022-09-02,26-35,CA,Female,Low,Email,Electronics,Laptops,HP,Pavilion,784.0,600.0,1.0,0.86,784.0,10.0,173.0,Debit Card,2.0
2022-09-02,36-45,CA,Male,Middle,App,Electronics,Smartphones,Samsung,Galaxy A32,305.0,250.0,2.0,1.67,611.0,12.0,98.0,Debit Card,3.0
2022-09-02,36-45,TX,Other,Middle,Email,Clothing,Jeans,Wrangler,Regular Fit,58.0,35.0,2.0,0.65,116.0,7.0,39.0,Credit Card,3.0
2022-09-02,46-55,FL,Male,Middle,Email,Home,Furniture,IKEA,Billy Bookcase,175.0,100.0,2.0,0.55,350.0,25.0,125.0,Digital Wallet,4.0
2022-09-02,26-35,CA,Female,Low,Affiliates,Beauty,Skincare,Neutrogena,Rapid Wrinkle Repair,27.0,20.0,1.0,0.67,27.0,3.0,4.0,Digital Wallet,3.0
2022-09-02,36-45,OH,Male,Middle,Email,Clothing,Jeans,Wrangler,Regular Fit,64.0,35.0,1.0,1.72,64.0,6.0,23.0,BNPL,2.0
2022-09-02,36-45,TX,Female,High,PPC,Beauty,Makeup,Revlon,ColorStay Lipstick,17.0,15.0,3.0,1.07,52.0,6.0,1.0,Digital Wallet,4.0
2022-09-02,36-45,IL,Female,Low,Organic,Home,Furniture,IKEA,Kallax Shelf,61.0,60.0,2.0,1.23,122.0,26.0,-25.0,Debit Card,7.0
2022-09-02,18-25,TX,Male,High,Email,Home,Beds,Serta,Perfect Sleeper,928.0,750.0,1.0,1.44,928.0,16.0,161.0,Digital Wallet,3.0
2022-09-02,18-25,TX,Female,High,Organic,Home,Furniture,Ashley Furniture,Sofa,432.0,300.0,1.0,1.08,432.0,14.0,117.0,Digital Wallet,5.0
2022-09-02,66+,FL,Male,Middle,Organic,Beauty,Skincare,Neutrogena,Oil-Free Acne Wash,15.0,15.0,3.0,0.77,46.0,7.0,-6.0,Debit Card,4.0
2022-09-02,46-55,TX,Male,Middle,PPC,Home,Furniture,IKEA,Billy Bookcase,118.0,100.0,2.0,0.92,235.0,24.0,11.0,Digital Wallet,4.0
2022-09-02,36-45,MI,Male,High,App,Electronics,Smartphones,Samsung,Galaxy S21,634.0,500.0,2.0,1.95,1268.0,17.0,251.0,Credit Card,4.0
2022-09-02,26-35,TX,Female,High,Others,Clothing,Jeans,Wrangler,Regular Fit,58.0,35.0,2.0,1.16,115.0,7.0,38.0,Digital Wallet,4.0
2022-09-02,46-55,GA,Other,Low,Organic,Beauty,Skincare,Neutrogena,Oil-Free Acne Wash,19.0,15.0,14.0,1.56,271.0,13.0,48.0,Credit Card,12.0
2022-09-02,36-45,NC,Female,Low,Email,Electronics,Laptops,Apple Laptop,MacBook Pro M3,1755.0,1500.0,1.0,0.79,1755.0,16.0,239.0,Digital Wallet,6.0
2022-09-02,36-45,CA,Female,High,Affiliates,Home,Furniture,IKEA,Kallax Shelf,79.0,60.0,1.0,1.29,79.0,12.0,6.0,Credit Card,5.0
2022-09-02,18-25,NC,Male,Middle,Email,Clothing,T-Shirts,Nike,Sportswear,40.0,25.0,4.0,0.53,161.0,13.0,48.0,Digital Wallet,5.0
2022-09-02,26-35,NY,Male,High,Affiliates,Electronics,Laptops,Apple Laptop,MacBook Pro M3,1783.0,1500.0,2.0,0.66,3566.0,23.0,542.0,Debit Card,4.0
2022-09-02,26-35,NC,Female,Middle,Organic,Home,Furniture,Ashley Furniture,Dining Table,321.0,200.0,2.0,1.71,642.0,28.0,213.0,Credit Card,7.0
2022-09-02,36-45,TX,Other,Middle,Organic,Beauty,Skincare,Neutrogena,Hydro Boost Gel,27.0,20.0,2.0,1.4,53.0,6.0,8.0,Credit Card,4.0
2022-09-02,18-25,OH,Male,Low,Others,Electronics,Laptops,Apple Laptop,MacBook Pro M3,1725.0,1500.0,2.0,1.97,3450.0,21.0,429.0,Debit Card,4.0
2022-09-02,66+,FL,Female,Middle,Organic,Clothing,Jeans,Levis,Bootcut,107.0,100.0,3.0,1.4,322.0,10.0,12.0,Credit Card,4.0
2022-09-02,66+,NY,Female,Middle,Organic,Electronics,Smartphones,Samsung,Galaxy A32,335.0,250.0,1.0,1.65,335.0,12.0,72.0,Digital Wallet,5.0
2022-09-02,66+,NY,Male,Low,Others,Clothing,Jeans,Levis,501 Original,91.0,60.0,2.0,1.14,181.0,10.0,51.0,Debit Card,4.0
2022-09-02,26-35,NY,Male,Low,Email,Electronics,Laptops,Apple Laptop,MacBook Pro M3,1786.0,1500.0,2.0,1.81,3572.0,23.0,548.0,Debit Card,4.0
2022-09-02,56-65,MI,Other,High,Email,Home,Beds,Tempur-Pedic,Cloud Supreme,1950.0,1800.0,2.0,1.52,3900.0,31.0,269.0,Digital Wallet,5.0
2022-09-02,18-25,TX,Male,Low,Organic,Beauty,Makeup,Maybelline,Lash Sensational Mascara,15.0,10.0,1.0,1.13,15.0,5.0,0.0,BNPL,2.0
2022-09-02,46-55,PA,Male,High,PPC,Home,Beds,Serta,iComfort,2286.0,1900.0,1.0,0.75,2286.0,18.0,368.0,Credit Card,4.0
2022-09-02,46-55,NY,Male,High,Others,Electronics,Laptops,Apple Laptop,MacBook Air M1,997.0,900.0,2.0,1.66,1994.0,23.0,171.0,Debit Card,5.0
2022-09-02,36-45,CA,Female,Low,Organic,Beauty,Makeup,Maybelline,Fit Me Foundation,17.0,15.0,4.0,0.91,68.0,5.0,3.0,Digital Wallet,13.0
2022-09-02,18-25,PA,Male,High,Email,Home,Beds,Tempur-Pedic,Contour Elite,2050.0,1700.0,1.0,0.94,2050.0,18.0,332.0,Credit Card,6.0
2022-09-02,26-35,CA,Female,Low,Affiliates,Electronics,Smartphones,Samsung,Galaxy Z Fold 5,1763.0,1500.0,3.0,0.65,5288.0,17.0,770.0,Digital Wallet,3.0
2022-09-02,26-35,IL,Male,Middle,Email,Beauty,Makeup,Maybelline,Fit Me Foundation,18.0,15.0,4.0,1.66,71.0,9.0,2.0,Credit Card,4.0
2022-09-02,56-65,MI,Female,High,Organic,Home,Beds,Serta,iComfort,2155.0,1900.0,1.0,1.22,2155.0,19.0,237.0,BNPL,5.0
2022-09-02,18-25,CA,Female,High,App,Home,Beds,Serta,Perfect Sleeper,908.0,750.0,1.0,1.23,908.0,14.0,144.0,Credit Card,4.0
2022-09-02,66+,IL,Other,Middle,PPC,Beauty,Makeup,Maybelline,Lash Sensational Mascara,12.0,10.0,5.0,1.91,60.0,9.0,1.0,Digital Wallet,5.0
2022-09-02,26-35,NY,Other,Middle,PPC,Clothing,Jeans,Wrangler,Authentics,37.0,30.0,2.0,0.55,75.0,10.0,4.0,Digital Wallet,4.0
2022-09-02,18-25,NY,Female,Middle,Email,Clothing,Jeans,Wrangler,Authentics,44.0,30.0,2.0,0.9,88.0,10.0,17.0,Credit Card,5.0
2022-09-02,66+,IL,Female,Low,App,Home,Furniture,IKEA,Billy Bookcase,109.0,100.0,2.0,1.75,219.0,26.0,-7.0,Credit Card,6.0
2022-09-02,66+,NY,Female,High,App,Beauty,Makeup,Maybelline,Fit Me Foundation,22.0,15.0,2.0,1.04,45.0,9.0,6.0,Credit Card,4.0
2022-09-02,36-45,CA,Female,Middle,Affiliates,Home,Furniture,IKEA,Kallax Shelf,74.0,60.0,1.0,1.83,74.0,12.0,2.0,BNPL,5.0
2022-09-02,36-45,IL,Female,High,PPC,Electronics,Laptops,HP,Pavilion,778.0,600.0,2.0,0.6,1555.0,22.0,333.0,Debit Card,4.0
2022-09-02,56-65,TX,Male,Middle,App,Home,Furniture,IKEA,Billy Bookcase,133.0,100.0,1.0,0.9,133.0,14.0,19.0,Credit Card,6.0
2022-09-02,46-55,TX,Female,Middle,Others,Clothing,T-Shirts,Adidas,Performance,76.0,45.0,2.0,1.49,152.0,7.0,56.0,Credit Card,3.0
2022-09-02,26-35,TX,Male,High,Affiliates,Beauty,Makeup,Maybelline,Fit Me Foundation,16.0,15.0,6.0,1.93,98.0,8.0,-0.0,Digital Wallet,6.0
2022-09-02,26-35,FL,Other,Low,Others,Home,Beds,Serta,Perfect Sleeper,914.0,750.0,2.0,1.39,1829.0,29.0,299.0,Debit Card,5.0
2022-09-02,18-25,GA,Female,Middle,Organic,Beauty,Skincare,Neutrogena,Hydro Boost Gel,26.0,20.0,3.0,1.81,78.0,5.0,12.0,Credit Card,4.0
2022-09-02,36-45,IL,Female,Low,Email,Home,Furniture,IKEA,Kallax Shelf,79.0,60.0,2.0,1.54,158.0,26.0,11.0,Debit Card,4.0
2022-09-02,18-25,CA,Male,High,App,Clothing,T-Shirts,Nike,Dry-FIT,25.0,20.0,2.0,1.74,49.0,5.0,5.0,Credit Card,3.0
2022-09-02,18-25,CA,Female,Middle,Organic,Clothing,Jeans,Wrangler,Regular Fit,58.0,35.0,2.0,0.61,116.0,5.0,41.0,Credit Card,2.0
2022-09-02,66+,NY,Female,Middle,Others,Beauty,Skincare,Neutrogena,Rapid Wrinkle Repair,28.0,20.0,1.0,1.39,28.0,8.0,0.0,Debit Card,5.0
2022-09-02,36-45,CA,Male,High,Affiliates,Beauty,Makeup,Maybelline,Lash Sensational Mascara,13.0,10.0,5.0,1.36,66.0,5.0,11.0,Debit Card,5.0
2022-09-02,66+,OH,Other,Middle,Organic,Electronics,Laptops,Apple Laptop,MacBook Air M1,1112.0,900.0,1.0,0.84,1112.0,13.0,199.0,Digital Wallet,3.0
2022-09-02,46-55,CA,Male,Middle,App,Electronics,Smartphones,Apple,iPhone 15,1022.0,800.0,3.0,0.65,3065.0,17.0,648.0,Digital Wallet,4.0
2022-09-02,26-35,FL,Male,High,PPC,Beauty,Makeup,Maybelline,Fit Me Foundation,20.0,15.0,4.0,1.69,80.0,8.0,12.0,Digital Wallet,5.0
2022-09-02,56-65,NY,Female,Low,Others,Electronics,Smartphones,Samsung,Galaxy A32,345.0,250.0,1.0,1.72,345.0,12.0,82.0,Debit Card,5.0
2022-09-02,46-55,CA,Male,High,Affiliates,Electronics,Laptops,HP,Pavilion,776.0,600.0,2.0,1.3,1552.0,18.0,334.0,Credit Card,3.0
2022-09-02,26-35,MI,Female,High,Affiliates,Home,Furniture,IKEA,Kallax Shelf,67.0,60.0,2.0,1.96,134.0,27.0,-13.0,BNPL,6.0
2022-09-02,26-35,NY,Male,High,Organic,Electronics,Laptops,Apple Laptop,MacBook Pro M3,1740.0,1500.0,1.0,1.82,1740.0,15.0,225.0,Credit Card,5.0
2022-09-02,36-45,CA,Male,Low,Others,Electronics,Smartphones,Apple,iPhone 14,937.0,700.0,1.0,1.32,937.0,7.0,230.0,Debit Card,3.0
2022-09-02,36-45,CA,Female,Middle,Others,Beauty,Skincare,Neutrogena,Rapid Wrinkle Repair,25.0,20.0,2.0,1.45,50.0,4.0,6.0,Credit Card,3.0
2022-09-02,36-45,OH,Other,Low,Others,Clothing,Jeans,Wrangler,Regular Fit,63.0,35.0,3.0,0.5,189.0,9.0,74.0,BNPL,3.0
2022-09-02,36-45,PA,Female,Middle,PPC,Clothing,T-Shirts,Adidas,Performance,68.0,45.0,5.0,1.8,339.0,12.0,102.0,Credit Card,8.0
2022-09-02,26-35,NY,Other,Middle,App,Beauty,Makeup,Maybelline,Fit Me Foundation,19.0,15.0,4.0,0.93,74.0,10.0,4.0,Debit Card,14.0
2022-09-02,46-55,NY,Male,Middle,App,Clothing,T-Shirts,Nike,Dry-FIT,24.0,20.0,4.0,1.26,96.0,12.0,3.0,Debit Card,5.0
2022-09-02,26-35,TX,Male,Low,Affiliates,Beauty,Skincare,Neutrogena,Rapid Wrinkle Repair,26.0,20.0,3.0,1.22,79.0,6.0,12.0,Digital Wallet,3.0
2022-09-02,18-25,MI,Female,Middle,App,Home,Beds,Serta,Perfect Sleeper,901.0,750.0,1.0,1.19,901.0,19.0,132.0,BNPL,5.0
2022-09-02,36-45,NY,Female,Middle,Organic,Clothing,Jeans,Levis,Bootcut,112.0,100.0,3.0,1.94,336.0,12.0,24.0,Credit Card,7.0
2022-09-02,36-45,NC,Male,Low,Others,Beauty,Makeup,Maybelline,Fit Me Foundation,22.0,15.0,2.0,0.85,44.0,10.0,4.0,Credit Card,5.0
2022-09-02,36-45,FL,Male,Middle,PPC,Electronics,Smartphones,Apple,iPhone 14,952.0,700.0,1.0,1.62,952.0,10.0,242.0,Credit Card,3.0
2022-09-02,26-35,OH,Male,Low,Others,Beauty,Makeup,Maybelline,Fit Me Foundation,12.0,15.0,6.0,1.82,74.0,8.0,-25.0,Digital Wallet,5.0
2022-09-02,26-35,TX,Male,Middle,Affiliates,Home,Furniture,IKEA,Billy Bookcase,111.0,100.0,2.0,1.54,222.0,24.0,-3.0,Debit Card,5.0
2022-09-02,46-55,FL,Other,Low,Affiliates,Beauty,Makeup,Maybelline,Lash Sensational Mascara,16.0,10.0,5.0,0.51,79.0,8.0,21.0,Debit Card,6.0
2022-09-02,26-35,TX,Female,Middle,App,Clothing,Jeans,Wrangler,Authentics,50.0,30.0,3.0,0.8,151.0,9.0,53.0,Digital Wallet,5.0
2022-09-02,18-25,MI,Male,Middle,Affiliates,Home,Furniture,IKEA,Billy Bookcase,149.0,100.0,1.0,1.93,149.0,17.0,32.0,Digital Wallet,4.0
2022-09-02,56-65,PA,Female,Low,Organic,Home,Furniture,IKEA,Billy Bookcase,103.0,100.0,2.0,1.09,205.0,26.0,-20.0,Credit Card,5.0
2022-09-02,56-65,CA,Male,Low,Organic,Electronics,Laptops,HP,Pavilion,707.0,600.0,2.0,1.27,1414.0,18.0,196.0,Credit Card,2.0
2022-09-02,46-55,NY,Male,Middle,App,Home,Beds,Tempur-Pedic,Contour Elite,1908.0,1700.0,2.0,1.3,3817.0,31.0,385.0,Digital Wallet,4.0
2022-09-02,46-55,TX,Male,Middle,Organic,Clothing,Jeans,Wrangler,Authentics,56.0,30.0,2.0,0.75,111.0,7.0,44.0,Digital Wallet,5.0
2022-09-02,56-65,MI,Male,Low,Email,Beauty,Makeup,Maybelline,Lash Sensational Mascara,15.0,10.0,3.0,1.5,44.0,9.0,6.0,BNPL,4.0
2022-09-02,18-25,CA,Female,Middle,App,Clothing,Jeans,Wrangler,Authentics,42.0,30.0,2.0,1.83,84.0,5.0,18.0,BNPL,2.0
2022-09-02,36-45,FL,Male,Middle,Organic,Beauty,Skincare,Neutrogena,Rapid Wrinkle Repair,26.0,20.0,2.0,1.38,52.0,7.0,5.0,Digital Wallet,3.0
2022-09-02,26-35,CA,Other,High,Organic,Electronics,Smartphones,Apple,iPhone SE,593.0,400.0,2.0,1.14,1187.0,12.0,374.0,Digital Wallet,3.0
2022-09-02,36-45,NY,Female,Low,Others,Clothing,T-Shirts,Nike,Sportswear,39.0,25.0,5.0,1.7,193.0,13.0,55.0,Debit Card,7.0
2022-09-02,26-35,TX,Male,Low,App,Home,Furniture,IKEA,Kallax Shelf,64.0,60.0,1.0,0.51,64.0,14.0,-10.0,Debit Card,4.0
2022-09-02,18-25,IL,Female,Middle,Organic,Home,Beds,Tempur-Pedic,Contour Elite,1935.0,1700.0,2.0,1.1,3869.0,30.0,439.0,Debit Card,5.0
2022-09-02,26-35,CA,Male,Middle,Affiliates,Home,Furniture,Ashley Furniture,Sofa,410.0,300.0,1.0,1.49,410.0,12.0,97.0,Credit Card,6.0
2022-09-02,46-55,IL,Male,Middle,Email,Electronics,Smartphones,Apple,iPhone 14,967.0,700.0,3.0,1.6,2901.0,21.0,780.0,Credit Card,5.0
2022-09-02,56-65,FL,Male,Middle,Organic,Home,Beds,Tempur-Pedic,Contour Elite,1941.0,1700.0,2.0,1.83,3883.0,29.0,453.0,Digital Wallet,4.0
2022-09-02,18-25,CA,Female,High,Email,Electronics,Smartphones,Samsung,Galaxy Z Fold 5,1579.0,1500.0,2.0,0.78,3157.0,12.0,145.0,Digital Wallet,4.0
2022-09-02,46-55,GA,Female,Middle,Affiliates,Beauty,Makeup,Maybelline,Lash Sensational Mascara,14.0,10.0,4.0,1.03,54.0,6.0,8.0,Credit Card,5.0
2022-09-02,56-65,TX,Other,Middle,PPC,Beauty,Makeup,Revlon,PhotoReady Concealer,17.0,12.0,3.0,1.45,50.0,6.0,8.0,Digital Wallet,4.0
2022-09-02,36-45,FL,Male,Low,Email,Electronics,Smartphones,Apple,iPhone SE,585.0,400.0,2.0,1.32,1170.0,15.0,355.0,Debit Card,4.0
2022-09-02,66+,FL,Male,Middle,App,Clothing,T-Shirts,Adidas,Performance,52.0,45.0,4.0,1.04,209.0,10.0,19.0,Digital Wallet,7.0
2022-09-02,18-25,NC,Female,High,App,Electronics,Smartphones,Apple,iPhone 14,1002.0,700.0,3.0,1.76,3005.0,23.0,881.0,Credit Card,4.0
2022-09-02,36-45,CA,Female,Low,Organic,Beauty,Makeup,Maybelline,Fit Me Foundation,17.0,15.0,1.0,1.59,17.0,3.0,-1.0,Debit Card,2.0
2022-09-02,56-65,GA,Female,Middle,Organic,Electronics,Smartphones,Samsung,Galaxy S21,768.0,500.0,1.0,1.5,768.0,8.0,260.0,Digital Wallet,5.0
2022-09-02,66+,CA,Female,High,Organic,Beauty,Makeup,Maybelline,Lash Sensational Mascara,13.0,10.0,1.0,1.85,13.0,3.0,0.0,Credit Card,2.0
2022-09-02,66+,PA,Female,Middle,Email,Clothing,Jeans,Wrangler,Authentics,48.0,30.0,2.0,0.66,96.0,9.0,27.0,Digital Wallet,4.0
2022-09-02,26-35,CA,Male,Low,Email,Electronics,Smartphones,Samsung,Galaxy A32,322.0,250.0,2.0,1.43,644.0,12.0,132.0,Credit Card,3.0
2022-09-02,46-55,IL,Female,Low,Affiliates,Electronics,Laptops,Apple Laptop,MacBook Air M2,1207.0,1000.0,2.0,0.61,2415.0,22.0,392.0,Debit Card,4.0
2022-09-02,36-45,NY,Male,Low,PPC,Clothing,Jeans,Levis,Bootcut,114.0,100.0,3.0,1.64,342.0,12.0,30.0,Credit Card,8.0
2022-09-02,26-35,OH,Male,High,Email,Beauty,Skincare,Neutrogena,Oil-Free Acne Wash,17.0,15.0,4.0,0.77,69.0,8.0,1.0,Credit Card,3.0
2022-09-02,18-25,PA,Male,Middle,Organic,Electronics,Laptops,Apple Laptop,MacBook Pro M3,1854.0,1500.0,1.0,1.54,1854.0,14.0,340.0,Digital Wallet,5.0
2022-09-02,56-65,FL,Female,High,Email,Electronics,Laptops,Dell,XPS,1537.0,1300.0,1.0,1.69,1537.0,13.0,223.0,Digital Wallet,4.0
2022-09-02,36-45,GA,Male,Middle,Email,Beauty,Makeup,Maybelline,Fit Me Foundation,18.0,15.0,6.0,0.78,108.0,7.0,11.0,BNPL,5.0
2022-09-02,36-45,CA,Male,Middle,App,Electronics,Smartphones,Apple,iPhone 14,947.0,700.0,2.0,1.74,1895.0,12.0,482.0,Digital Wallet,3.0
2022-09-02,26-35,CA,Female,High,Affiliates,Clothing,Jeans,Wrangler,Regular Fit,61.0,35.0,1.0,1.68,61.0,4.0,23.0,Debit Card,4.0
2022-09-02,36-45,MI,Other,High,Others,Clothing,Jeans,Wrangler,Regular Fit,56.0,35.0,2.0,1.19,112.0,10.0,32.0,Digital Wallet,3.0
2022-09-02,56-65,CA,Female,Middle,App,Clothing,Jeans,Wrangler,Regular Fit,54.0,35.0,1.0,1.85,54.0,4.0,15.0,BNPL,3.0
2022-09-02,46-55,CA,Other,Middle,Others,Clothing,T-Shirts,Adidas,Performance,66.0,45.0,3.0,1.95,198.0,6.0,57.0,Debit Card,4.0
2022-09-02,66+,CA,Female,Middle,App,Beauty,Skincare,Neutrogena,Oil-Free Acne Wash,20.0,15.0,4.0,1.0,81.0,5.0,16.0,Credit Card,4.0
2022-09-02,36-45,MI,Female,Middle,Organic,Clothing,Jeans,Wrangler,Authentics,43.0,30.0,15.0,0.74,645.0,29.0,165.0,BNPL,12.0
2022-09-02,18-25,NY,Female,Low,Email,Home,Beds,Tempur-Pedic,Cloud Supreme,1920.0,1800.0,2.0,1.86,3841.0,31.0,209.0,Digital Wallet,6.0
2022-09-02,36-45,GA,Male,High,App,Beauty,Makeup,Maybelline,Lash Sensational Mascara,15.0,10.0,2.0,1.1,29.0,5.0,5.0,Credit Card,4.0
2022-09-02,26-35,FL,Male,Middle,Organic,Electronics,Smartphones,Apple,iPhone SE,575.0,400.0,3.0,1.18,1724.0,20.0,504.0,Digital Wallet,4.0
2022-09-02,26-35,CA,Male,Middle,App,Clothing,T-Shirts,Adidas,Essentials,37.0,35.0,4.0,1.96,147.0,7.0,-0.0,Debit Card,4.0
2022-09-02,56-65,IL,Male,Low,App,Clothing,Jeans,Levis,501 Original,81.0,60.0,3.0,1.31,242.0,11.0,51.0,Debit Card,4.0
2022-09-02,18-25,NY,Male,High,PPC,Electronics,Smartphones,Apple,iPhone 15,1084.0,800.0,1.0,0.71,1084.0,12.0,271.0,Credit Card,4.0
2022-09-02,26-35,FL,Male,High,Organic,Electronics,Smartphones,Samsung,Galaxy A32,363.0,250.0,2.0,1.07,725.0,15.0,210.0,Debit Card,4.0
2022-09-02,18-25,PA,Male,Middle,PPC,Electronics,Smartphones,Samsung,Galaxy S21,719.0,500.0,2.0,2.0,1438.0,16.0,422.0,Digital Wallet,4.0
2022-09-02,26-35,OH,Other,Middle,Email,Home,Furniture,IKEA,Kallax Shelf,72.0,60.0,2.0,1.81,143.0,25.0,-2.0,Credit Card,5.0
2022-09-02,46-55,IL,Female,Middle,Others,Home,Furniture,IKEA,Billy Bookcase,187.0,100.0,2.0,0.79,374.0,26.0,147.0,Debit Card,4.0
2022-09-02,26-35,MI,Other,Middle,Affiliates,Electronics,Smartphones,Samsung,Galaxy S21,746.0,500.0,3.0,1.23,2237.0,22.0,716.0,Digital Wallet,5.0
2022-09-02,46-55,CA,Female,Middle,Affiliates,Electronics,Laptops,HP,Envy,941.0,700.0,2.0,1.97,1883.0,18.0,465.0,Credit Card,4.0
2022-09-02,18-25,NC,Other,Middle,App,Clothing,T-Shirts,Adidas,Performance,68.0,45.0,5.0,1.0,338.0,14.0,99.0,Digital Wallet,6.0
2022-09-02,56-65,TX,Female,Middle,App,Beauty,Makeup,Maybelline,Lash Sensational Mascara,17.0,10.0,6.0,0.96,100.0,8.0,32.0,Debit Card,5.0
2022-09-02,18-25,CA,Male,Middle,Email,Clothing,Jeans,Levis,Bootcut,108.0,100.0,1.0,0.66,108.0,4.0,4.0,Digital Wallet,11.0
2022-09-02,46-55,MI,Male,Middle,Affiliates,Electronics,Smartphones,Samsung,Galaxy S21,707.0,500.0,2.0,1.06,1414.0,17.0,397.0,Credit Card,6.0
2022-09-02,18-25,IL,Female,High,Organic,Beauty,Skincare,Neutrogena,Hydro Boost Gel,24.0,20.0,2.0,1.78,49.0,8.0,1.0,Debit Card,4.0
2022-09-02,46-55,TX,Female,Middle,Organic,Electronics,Smartphones,Samsung,Galaxy A32,305.0,250.0,2.0,1.17,610.0,14.0,95.0,Debit Card,5.0
2022-09-02,36-45,CA,Female,High,Email,Beauty,Makeup,Revlon,ColorStay Lipstick,17.0,15.0,1.0,0.68,17.0,3.0,-1.0,Digital Wallet,2.0
2022-09-02,18-25,TX,Female,High,Email,Electronics,Smartphones,Samsung,Galaxy S21,666.0,500.0,1.0,1.0,666.0,9.0,157.0,BNPL,4.0
2022-09-02,56-65,OH,Male,High,Affiliates,Electronics,Smartphones,Samsung,Galaxy S21,746.0,500.0,2.0,1.59,1493.0,15.0,478.0,Debit Card,5.0
2022-09-02,56-65,NY,Other,Middle,App,Electronics,Laptops,Apple Laptop,MacBook Pro M3,1755.0,1500.0,1.0,1.79,1755.0,15.0,240.0,Debit Card,4.0
2022-09-02,18-25,FL,Male,Low,Email,Electronics,Smartphones,Samsung,Galaxy A32,330.0,250.0,3.0,1.53,991.0,20.0,221.0,Digital Wallet,5.0
2022-09-02,46-55,FL,Other,Middle,App,Electronics,Smartphones,Samsung,Galaxy A32,332.0,250.0,2.0,1.15,663.0,15.0,148.0,Credit Card,4.0
2022-09-02,26-35,CA,Female,Low,Others,Electronics,Smartphones,Apple,iPhone 14,926.0,700.0,3.0,0.79,2777.0,17.0,659.0,Digital Wallet,4.0
2022-09-02,46-55,CA,Male,Low,App,Electronics,Smartphones,Apple,iPhone 14,945.0,700.0,2.0,1.42,1889.0,12.0,477.0,BNPL,3.0
2022-09-02,26-35,FL,Male,Middle,PPC,Beauty,Makeup,Revlon,ColorStay Lipstick,17.0,15.0,6.0,1.31,104.0,9.0,5.0,Credit Card,5.0
2022-09-02,66+,CA,Other,Low,PPC,Beauty,Skincare,Neutrogena,Oil-Free Acne Wash,20.0,15.0,3.0,1.66,60.0,4.0,10.0,Debit Card,3.0
2022-09-02,66+,GA,Other,Middle,Affiliates,Beauty,Makeup,Maybelline,Fit Me Foundation,17.0,15.0,5.0,0.96,87.0,6.0,6.0,Credit Card,4.0
2022-09-02,36-45,CA,Female,Low,App,Home,Beds,Tempur-Pedic,Contour Elite,1875.0,1700.0,1.0,1.19,1875.0,14.0,161.0,Digital Wallet,3.0
2022-09-02,56-65,OH,Male,High,App,Clothing,Jeans,Wrangler,Authentics,57.0,30.0,2.0,0.82,114.0,8.0,46.0,Debit Card,5.0
2022-09-02,56-65,MI,Female,Middle,Organic,Home,Furniture,Ashley Furniture,Sofa,419.0,300.0,2.0,1.91,838.0,27.0,212.0,Digital Wallet,5.0
2022-09-02,66+,NY,Female,High,App,Clothing,T-Shirts,Nike,Dry-FIT,26.0,20.0,1.0,1.27,26.0,9.0,-3.0,Debit Card,4.0
2022-09-02,26-35,NY,Other,Low,Organic,Beauty,Makeup,Maybelline,Fit Me Foundation,21.0,15.0,3.0,1.62,63.0,9.0,9.0,Debit Card,6.0
2022-09-02,18-25,GA,Other,Middle,Email,Clothing,Jeans,Levis,Slim Fit,64.0,50.0,1.0,0.92,64.0,5.0,9.0,Credit Card,3.0
2022-09-02,18-25,TX,Other,Middle,App,Home,Furniture,Ashley Furniture,Sofa,456.0,300.0,1.0,1.19,456.0,14.0,141.0,Debit Card,4.0
2022-09-02,36-45,IL,Male,Middle,PPC,Beauty,Makeup,Revlon,PhotoReady Concealer,16.0,12.0,5.0,1.93,80.0,9.0,10.0,Debit Card,5.0
2022-09-02,56-65,NC,Male,Low,App,Beauty,Makeup,Maybelline,Lash Sensational Mascara,12.0,10.0,6.0,0.85,74.0,12.0,2.0,Debit Card,5.0
2022-09-02,56-65,CA,Female,Middle,Others,Electronics,Smartphones,Apple,iPhone 14,954.0,700.0,2.0,1.14,1909.0,12.0,496.0,BNPL,3.0
2022-09-02,36-45,PA,Female,Middle,Affiliates,Beauty,Makeup,Maybelline,Fit Me Foundation,20.0,15.0,4.0,1.28,80.0,8.0,12.0,Digital Wallet,5.0
2022-09-02,26-35,IL,Female,Low,Affiliates,Electronics,Smartphones,Apple,iPhone 14,987.0,700.0,3.0,1.56,2961.0,21.0,840.0,Credit Card,5.0
2022-09-02,36-45,CA,Female,Low,Organic,Clothing,T-Shirts,Adidas,Performance,61.0,45.0,1.0,1.68,61.0,4.0,13.0,BNPL,3.0
2022-09-02,46-55,TX,Male,Middle,Others,Beauty,Makeup,Maybelline,Fit Me Foundation,22.0,15.0,1.0,0.59,22.0,5.0,2.0,Debit Card,5.0
2022-09-02,46-55,CA,Female,Middle,App,Beauty,Makeup,Revlon,ColorStay Lipstick,21.0,15.0,1.0,0.64,21.0,3.0,3.0,BNPL,3.0
2022-09-02,46-55,CA,Male,Low,Organic,Home,Furniture,IKEA,Billy Bookcase,176.0,100.0,2.0,1.98,351.0,22.0,129.0,Digital Wallet,4.0
2022-09-02,66+,IL,Other,Low,Organic,Home,Furniture,IKEA,Billy Bookcase,119.0,100.0,2.0,1.37,238.0,26.0,12.0,Credit Card,6.0
2022-09-02,26-35,NY,Female,Middle,App,Clothing,T-Shirts,Nike,Dry-FIT,37.0,20.0,5.0,1.39,184.0,13.0,71.0,Debit Card,5.0
2022-09-02,46-55,TX,Female,Middle,PPC,Electronics,Laptops,Apple Laptop,MacBook Pro M3,1751.0,1500.0,2.0,1.8,3502.0,20.0,482.0,Debit Card,6.0
2022-09-02,46-55,CA,Female,High,Affiliates,Electronics,Smartphones,Samsung,Galaxy S21,656.0,500.0,1.0,1.93,656.0,7.0,148.0,Debit Card,2.0
2022-09-02,36-45,IL,Male,Low,Affiliates,Electronics,Smartphones,Apple,iPhone SE,546.0,400.0,3.0,1.38,1639.0,21.0,418.0,Debit Card,5.0
2022-09-02,18-25,FL,Female,Middle,Organic,Clothing,Jeans,Levis,501 Original,75.0,60.0,3.0,1.43,226.0,10.0,36.0,Debit Card,5.0
2022-09-02,36-45,FL,Other,Middle,Affiliates,Clothing,Jeans,Levis,501 Original,72.0,60.0,1.0,0.84,72.0,7.0,5.0,Credit Card,5.0
2022-09-02,46-55,CA,Other,Middle,Organic,Beauty,Makeup,Revlon,ColorStay Lipstick,24.0,15.0,4.0,1.32,98.0,5.0,33.0,BNPL,4.0
2022-09-02,46-55,NY,Other,Middle,Email,Beauty,Makeup,Revlon,ColorStay Lipstick,17.0,15.0,4.0,0.58,70.0,10.0,0.0,Credit Card,6.0
2022-09-02,26-35,TX,Female,Middle,App,Clothing,Jeans,Wrangler,Authentics,49.0,30.0,1.0,1.88,49.0,6.0,13.0,Digital Wallet,2.0
2022-09-02,56-65,CA,Male,Middle,App,Electronics,Laptops,HP,Pavilion,643.0,600.0,2.0,1.91,1285.0,18.0,67.0,Debit Card,3.0
2022-09-02,36-45,PA,Female,Middle,Organic,Electronics,Laptops,Apple Laptop,MacBook Air M2,1261.0,1000.0,1.0,1.33,1261.0,14.0,247.0,Credit Card,3.0
2022-09-02,66+,IL,Male,High,Others,Electronics,Smartphones,Apple,iPhone 15,1044.0,800.0,1.0,1.65,1044.0,11.0,232.0,Debit Card,5.0
2022-09-02,36-45,IL,Male,High,Affiliates,Home,Beds,Tempur-Pedic,Contour Elite,1827.0,1700.0,2.0,1.36,3655.0,30.0,225.0,Credit Card,6.0
2022-09-02,56-65,NC,Male,High,Organic,Electronics,Smartphones,Apple,iPhone 15,1038.0,800.0,2.0,1.72,2077.0,18.0,459.0,Digital Wallet,4.0
2022-09-02,36-45,NY,Female,Middle,App,Electronics,Smartphones,Apple,iPhone 14,973.0,700.0,1.0,0.96,973.0,12.0,261.0,Credit Card,5.0
2022-09-02,26-35,TX,Male,Low,App,Clothing,Jeans,Levis,501 Original,77.0,60.0,2.0,1.2,154.0,7.0,27.0,Digital Wallet,6.0
2022-09-02,26-35,IL,Female,Middle,Others,Clothing,Jeans,Levis,501 Original,87.0,60.0,1.0,0.72,87.0,8.0,19.0,Credit Card,3.0
2022-09-02,56-65,MI,Female,Low,PPC,Clothing,T-Shirts,Nike,Sportswear,37.0,25.0,4.0,1.02,148.0,12.0,37.0,Credit Card,5.0
2022-09-02,26-35,OH,Female,Low,Affiliates,Clothing,T-Shirts,Nike,Sportswear,38.0,25.0,1.0,1.54,38.0,6.0,7.0,Credit Card,3.0
2022-09-02,36-45,CA,Female,Middle,App,Home,Furniture,IKEA,Kallax Shelf,72.0,60.0,2.0,1.0,143.0,22.0,1.0,Credit Card,5.0
2022-09-02,26-35,IL,Male,Middle,App,Beauty,Skincare,Neutrogena,Rapid Wrinkle Repair,24.0,20.0,1.0,1.37,24.0,7.0,-3.0,Credit Card,4.0
2022-09-02,66+,IL,Male,Low,App,Beauty,Makeup,Maybelline,Lash Sensational Mascara,15.0,10.0,1.0,0.52,15.0,7.0,-2.0,Credit Card,4.0
2022-09-02,36-45,CA,Male,Middle,Organic,Electronics,Laptops,HP,Envy,921.0,700.0,1.0,1.64,921.0,10.0,210.0,Debit Card,2.0
2022-09-02,66+,NY,Male,High,Others,Electronics,Laptops,Apple Laptop,MacBook Pro M3,1737.0,1500.0,2.0,0.96,3473.0,23.0,450.0,Credit Card,5.0
2022-09-02,26-35,MI,Female,Middle,Email,Home,Beds,Tempur-Pedic,Cloud Supreme,1957.0,1800.0,1.0,0.85,1957.0,19.0,138.0,Digital Wallet,4.0
2022-09-02,66+,MI,Female,High,App,Home,Beds,Serta,iComfort,2209.0,1900.0,1.0,1.03,2209.0,19.0,290.0,Credit Card,5.0
2022-09-02,36-45,TX,Female,Low,Organic,Beauty,Skincare,Neutrogena,Hydro Boost Gel,25.0,20.0,10.0,1.03,253.0,11.0,42.0,Debit Card,7.0
2022-09-02,36-45,CA,Female,Low,PPC,Beauty,Makeup,Maybelline,Fit Me Foundation,20.0,15.0,6.0,1.99,121.0,6.0,25.0,Credit Card,4.0
2022-09-02,46-55,CA,Female,Low,Affiliates,Home,Furniture,IKEA,Kallax Shelf,70.0,60.0,2.0,1.6,139.0,22.0,-3.0,Digital Wallet,4.0
2022-09-02,26-35,NC,Female,Low,Organic,Clothing,Jeans,Levis,Slim Fit,64.0,50.0,2.0,1.41,128.0,11.0,16.0,Digital Wallet,5.0
2022-09-02,26-35,MI,Male,High,Email,Electronics,Smartphones,Apple,iPhone 14,964.0,700.0,1.0,1.57,964.0,12.0,253.0,Credit Card,3.0
2022-09-02,18-25,MI,Female,Low,Email,Home,Furniture,IKEA,Kallax Shelf,51.0,60.0,1.0,0.6,51.0,17.0,-26.0,Credit Card,5.0
2022-09-02,26-35,MI,Male,Low,App,Beauty,Makeup,Revlon,ColorStay Lipstick,22.0,15.0,5.0,0.6,108.0,10.0,23.0,BNPL,6.0
2022-09-02,26-35,GA,Male,Middle,App,Beauty,Skincare,Neutrogena,Hydro Boost Gel,23.0,20.0,2.0,1.2,47.0,5.0,2.0,Credit Card,4.0
2022-09-02,56-65,TX,Other,Middle,Organic,Beauty,Skincare,Neutrogena,Rapid Wrinkle Repair,24.0,20.0,3.0,1.3,73.0,6.0,7.0,Digital Wallet,6.0
2022-09-02,56-65,NY,Female,High,App,Electronics,Smartphones,Samsung,Galaxy A32,332.0,250.0,1.0,1.51,332.0,12.0,69.0,Credit Card,3.0
2022-09-02,36-45,TX,Male,Low,PPC,Beauty,Makeup,Maybelline,Fit Me Foundation,20.0,15.0,12.0,1.21,242.0,12.0,51.0,Digital Wallet,8.0
2022-09-02,26-35,CA,Other,High,App,Electronics,Smartphones,Apple,iPhone SE,580.0,400.0,1.0,0.75,580.0,7.0,173.0,Credit Card,5.0
2022-09-02,18-25,TX,Other,Low,App,Electronics,Laptops,HP,Pavilion,714.0,600.0,1.0,1.43,714.0,12.0,102.0,Credit Card,3.0
2022-09-02,46-55,GA,Female,Low,Others,Electronics,Smartphones,Samsung,Galaxy Z Fold 5,1689.0,1500.0,1.0,1.34,1689.0,8.0,181.0,Credit Card,5.0
2022-09-02,46-55,TX,Male,High,App,Electronics,Smartphones,Samsung,Galaxy S21,751.0,500.0,1.0,0.72,751.0,9.0,242.0,Debit Card,3.0
2022-09-02,66+,FL,Other,Low,PPC,Electronics,Laptops,HP,Pavilion,718.0,600.0,1.0,1.7,718.0,13.0,105.0,BNPL,4.0
2022-09-02,18-25,MI,Male,Low,App,Electronics,Smartphones,Samsung,Galaxy A32,317.0,250.0,3.0,1.04,952.0,22.0,180.0,Digital Wallet,5.0
2022-09-02,18-25,FL,Male,Middle,Others,Beauty,Makeup,Maybelline,Fit Me Foundation,17.0,15.0,5.0,1.94,86.0,8.0,3.0,BNPL,4.0
2022-09-02,18-25,TX,Male,High,App,Home,Furniture,IKEA,Billy Bookcase,167.0,100.0,1.0,1.66,167.0,14.0,53.0,Debit Card,12.0
2022-09-02,66+,CA,Male,Middle,Affiliates,Electronics,Smartphones,Apple,iPhone SE,634.0,400.0,2.0,0.59,1268.0,12.0,456.0,Credit Card,4.0
2022-09-02,26-35,IL,Male,High,App,Home,Beds,Serta,Perfect Sleeper,895.0,750.0,1.0,0.54,895.0,18.0,126.0,Digital Wallet,5.0
2022-09-02,26-35,IL,Female,Middle,Organic,Beauty,Makeup,Maybelline,Lash Sensational Mascara,14.0,10.0,1.0,1.71,14.0,7.0,-3.0,Debit Card,3.0
2022-09-02,18-25,GA,Male,Low,PPC,Electronics,Smartphones,Apple,iPhone 15,1062.0,800.0,3.0,1.92,3187.0,18.0,768.0,Credit Card,6.0
2022-09-02,26-35,TX,Female,Middle,Affiliates,Clothing,Jeans,Wrangler,Authentics,46.0,30.0,2.0,1.34,93.0,7.0,25.0,Digital Wallet,4.0
2022-09-02,46-55,FL,Male,High,PPC,Clothing,T-Shirts,Adidas,Performance,69.0,45.0,4.0,1.91,275.0,10.0,85.0,Digital Wallet,5.0
2022-09-02,46-55,CA,Male,Middle,Affiliates,Clothing,Jeans,Levis,Slim Fit,75.0,50.0,1.0,1.88,75.0,4.0,21.0,Digital Wallet,4.0
2022-09-02,46-55,NY,Male,High,Affiliates,Clothing,T-Shirts,Nike,Dry-FIT,29.0,20.0,1.0,0.53,29.0,9.0,1.0,Digital Wallet,4.0
2022-09-02,46-55,CA,Male,Middle,Organic,Beauty,Makeup,Maybelline,Fit Me Foundation,18.0,15.0,6.0,0.88,109.0,6.0,13.0,Credit Card,4.0
2022-09-02,36-45,TX,Other,Middle,Organic,Beauty,Makeup,Maybelline,Lash Sensational Mascara,14.0,10.0,3.0,1.01,42.0,6.0,5.0,Credit Card,4.0
2022-09-02,36-45,CA,Female,Low,Organic,Electronics,Smartphones,Samsung,Galaxy Z Fold 5,1727.0,1500.0,2.0,1.22,3454.0,12.0,441.0,Digital Wallet,4.0
2022-09-02,18-25,PA,Male,Low,Email,Electronics,Smartphones,Apple,iPhone 14,961.0,700.0,1.0,0.93,961.0,11.0,250.0,Debit Card,4.0
2022-09-02,18-25,PA,Female,Low,Others,Electronics,Smartphones,Apple,iPhone 14,928.0,700.0,2.0,1.46,1857.0,16.0,441.0,Digital Wallet,5.0
2022-09-02,26-35,IL,Female,High,Organic,Electronics,Smartphones,Apple,iPhone 14,938.0,700.0,1.0,1.41,938.0,11.0,226.0,Digital Wallet,4.0
2022-09-02,46-55,PA,Female,Middle,Email,Beauty,Makeup,Revlon,ColorStay Lipstick,21.0,15.0,3.0,1.45,64.0,8.0,11.0,BNPL,5.0
2022-09-02,56-65,CA,Male,High,Organic,Beauty,Makeup,Revlon,ColorStay Lipstick,19.0,15.0,5.0,0.78,93.0,5.0,13.0,Debit Card,5.0
2022-09-02,26-35,NY,Male,Middle,Organic,Clothing,T-Shirts,Adidas,Essentials,33.0,35.0,5.0,0.81,163.0,13.0,-26.0,Debit Card,6.0
2022-09-02,36-45,NC,Male,High,Affiliates,Clothing,Jeans,Wrangler,Authentics,44.0,30.0,2.0,1.42,87.0,11.0,16.0,Debit Card,5.0
2022-09-02,46-55,PA,Female,Middle,App,Clothing,T-Shirts,Nike,Dry-FIT,28.0,20.0,3.0,1.32,85.0,9.0,16.0,Debit Card,6.0
2022-09-02,46-55,NC,Other,Low,Organic,Home,Beds,Tempur-Pedic,Contour Elite,2022.0,1700.0,2.0,1.28,4045.0,32.0,612.0,Debit Card,6.0
2022-09-02,26-35,CA,Male,Middle,Email,Electronics,Laptops,HP,Envy,926.0,700.0,1.0,0.94,926.0,10.0,216.0,Debit Card,4.0
2022-09-02,36-45,CA,Other,Middle,PPC,Home,Furniture,IKEA,Billy Bookcase,150.0,100.0,2.0,0.79,299.0,22.0,77.0,Digital Wallet,4.0
2022-09-02,66+,NY,Female,Middle,Organic,Clothing,Jeans,Wrangler,Regular Fit,62.0,35.0,1.0,1.04,62.0,9.0,18.0,Credit Card,2.0
2022-09-02,56-65,CA,Female,Middle,Email,Home,Beds,Serta,Perfect Sleeper,895.0,750.0,2.0,1.29,1791.0,26.0,264.0,Digital Wallet,5.0
2022-09-02,66+,CA,Female,Middle,App,Beauty,Makeup,Maybelline,Lash Sensational Mascara,14.0,10.0,5.0,0.71,71.0,5.0,15.0,Digital Wallet,4.0
2022-09-02,26-35,OH,Female,Middle,Organic,Clothing,Jeans,Wrangler,Regular Fit,59.0,35.0,1.0,1.48,59.0,6.0,17.0,Credit Card,3.0
2022-09-02,46-55,GA,Female,Middle,Affiliates,Beauty,Makeup,Maybelline,Lash Sensational Mascara,14.0,10.0,2.0,1.54,28.0,5.0,4.0,Digital Wallet,3.0
2022-09-02,36-45,MI,Other,High,Affiliates,Electronics,Smartphones,Samsung,Galaxy S21,748.0,500.0,3.0,0.56,2243.0,22.0,721.0,Digital Wallet,5.0
2022-09-02,36-45,FL,Male,Low,Affiliates,Electronics,Smartphones,Apple,iPhone 14,938.0,700.0,3.0,1.47,2814.0,20.0,693.0,Digital Wallet,5.0
2022-09-02,56-65,NC,Female,High,App,Beauty,Makeup,Maybelline,Fit Me Foundation,23.0,15.0,1.0,1.6,23.0,9.0,-1.0,Credit Card,6.0
2022-09-02,56-65,FL,Female,Low,Organic,Home,Furniture,Ashley Furniture,Bed Frame,219.0,100.0,1.0,1.3,219.0,15.0,104.0,Credit Card,4.0
2022-09-02,26-35,OH,Male,Low,Others,Home,Furniture,IKEA,Kallax Shelf,65.0,60.0,1.0,0.67,65.0,15.0,-10.0,Credit Card,4.0
2022-09-02,26-35,TX,Female,Middle,Organic,Beauty,Makeup,Maybelline,Lash Sensational Mascara,14.0,10.0,2.0,0.82,28.0,6.0,3.0,Digital Wallet,4.0
2022-09-02,26-35,CA,Male,High,Others,Clothing,T-Shirts,Nike,Dry-FIT,31.0,20.0,5.0,1.28,153.0,8.0,45.0,Debit Card,4.0
2022-09-02,36-45,GA,Other,Middle,Others,Beauty,Makeup,Maybelline,Lash Sensational Mascara,17.0,10.0,5.0,1.5,87.0,6.0,30.0,Digital Wallet,5.0
2022-09-02,18-25,IL,Female,Middle,App,Electronics,Smartphones,Apple,iPhone 15,1054.0,800.0,1.0,1.47,1054.0,11.0,243.0,Credit Card,3.0
2022-09-02,46-55,CA,Male,Middle,App,Electronics,Smartphones,Samsung,Galaxy Z Fold 5,1709.0,1500.0,1.0,0.55,1709.0,7.0,202.0,Digital Wallet,3.0
2022-09-02,46-55,IL,Male,Low,Organic,Beauty,Makeup,Maybelline,Lash Sensational Mascara,15.0,10.0,3.0,1.11,44.0,8.0,6.0,Credit Card,5.0
2022-09-02,46-55,TX,Other,Middle,Affiliates,Electronics,Smartphones,Apple,iPhone 14,950.0,700.0,2.0,1.08,1899.0,14.0,485.0,Credit Card,4.0
2022-09-02,66+,OH,Female,Middle,Organic,Home,Furniture,IKEA,Kallax Shelf,62.0,60.0,1.0,1.59,62.0,15.0,-13.0,Digital Wallet,4.0
2022-09-02,26-35,IL,Male,High,PPC,Electronics,Smartphones,Samsung,Galaxy Z Fold 5,1715.0,1500.0,2.0,0.55,3431.0,16.0,415.0,Credit Card,6.0
2022-09-02,36-45,GA,Male,High,App,Electronics,Smartphones,Apple,iPhone 15,1027.0,800.0,1.0,0.62,1027.0,8.0,218.0,Digital Wallet,4.0
2022-09-02,66+,NY,Female,Middle,Affiliates,Beauty,Makeup,Revlon,ColorStay Lipstick,20.0,15.0,2.0,0.5,40.0,9.0,2.0,Credit Card,5.0
2022-09-02,18-25,CA,Female,High,Others,Electronics,Smartphones,Samsung,Galaxy Z Fold 5,1774.0,1500.0,3.0,1.23,5322.0,17.0,805.0,Credit Card,6.0
2022-09-02,66+,TX,Other,Middle,Email,Clothing,T-Shirts,Nike,Dry-FIT,21.0,20.0,3.0,1.6,62.0,8.0,-6.0,Credit Card,4.0
2022-09-02,18-25,GA,Other,Middle,App,Electronics,Laptops,Apple Laptop,MacBook Air M1,1030.0,900.0,2.0,0.94,2061.0,19.0,241.0,Digital Wallet,4.0
2022-09-02,18-25,NC,Male,Middle,Others,Home,Beds,Serta,iComfort,2352.0,1900.0,2.0,0.88,4704.0,32.0,871.0,Credit Card,4.0
2022-09-02,46-55,IL,Male,High,Affiliates,Beauty,Makeup,Maybelline,Lash Sensational Mascara,15.0,10.0,5.0,1.69,74.0,9.0,15.0,Credit Card,10.0
2022-09-02,36-45,CA,Male,High,Email,Beauty,Skincare,Neutrogena,Oil-Free Acne Wash,18.0,15.0,1.0,1.52,18.0,3.0,-0.0,Debit Card,2.0
2022-09-02,66+,OH,Male,High,Email,Home,Furniture,IKEA,Kallax Shelf,81.0,60.0,2.0,1.77,162.0,25.0,17.0,Digital Wallet,4.0
2022-09-02,26-35,TX,Female,Middle,Organic,Beauty,Skincare,Neutrogena,Oil-Free Acne Wash,21.0,15.0,4.0,1.18,84.0,7.0,17.0,Credit Card,10.0
2022-09-02,36-45,PA,Male,High,Organic,Electronics,Laptops,HP,Pavilion,758.0,600.0,2.0,1.12,1517.0,22.0,295.0,Credit Card,4.0
2022-09-02,36-45,CA,Other,High,Organic,Clothing,T-Shirts,Nike,Sportswear,38.0,25.0,4.0,1.75,154.0,7.0,47.0,Credit Card,4.0
2022-09-02,26-35,NC,Other,Low,Organic,Electronics,Smartphones,Apple,iPhone 14,943.0,700.0,2.0,1.84,1886.0,18.0,468.0,Debit Card,6.0
2022-09-02,26-35,NY,Male,Middle,App,Home,Beds,Tempur-Pedic,Cloud Supreme,1956.0,1800.0,2.0,1.89,3912.0,31.0,281.0,Credit Card,5.0
2022-09-02,26-35,NY,Other,Middle,Others,Beauty,Makeup,Maybelline,Fit Me Foundation,17.0,15.0,4.0,1.13,67.0,10.0,-3.0,Credit Card,6.0
2022-09-02,36-45,TX,Female,Middle,Others,Home,Beds,Serta,iComfort,2192.0,1900.0,1.0,0.94,2192.0,16.0,276.0,Credit Card,5.0
2022-09-02,46-55,GA,Male,Middle,Others,Home,Beds,Tempur-Pedic,Cloud Supreme,1988.0,1800.0,1.0,1.16,1988.0,15.0,173.0,BNPL,4.0
2022-09-02,56-65,PA,Male,Middle,Organic,Home,Furniture,IKEA,Kallax Shelf,78.0,60.0,2.0,2.0,157.0,26.0,11.0,Credit Card,7.0
2022-09-02,36-45,MI,Other,Low,Affiliates,Electronics,Smartphones,Apple,iPhone 15,1056.0,800.0,3.0,0.67,3169.0,22.0,747.0,Credit Card,4.0
2022-09-02,56-65,FL,Other,Low,App,Home,Beds,Tempur-Pedic,Contour Elite,1887.0,1700.0,2.0,1.16,3775.0,29.0,345.0,Digital Wallet,5.0
2022-09-02,36-45,FL,Male,Middle,Others,Home,Furniture,IKEA,Billy Bookcase,128.0,100.0,2.0,0.81,256.0,25.0,31.0,BNPL,5.0
2022-09-02,56-65,NY,Female,Low,Others,Electronics,Laptops,Apple Laptop,MacBook Pro M2,1291.0,1200.0,2.0,1.95,2582.0,23.0,159.0,Credit Card,6.0
2022-09-02,18-25,NY,Male,Middle,Organic,Electronics,Smartphones,Apple,iPhone 14,932.0,700.0,2.0,1.76,1863.0,17.0,446.0,Digital Wallet,5.0
2022-09-02,66+,OH,Male,High,Email,Home,Beds,Tempur-Pedic,Cloud Supreme,2007.0,1800.0,2.0,1.17,4015.0,29.0,386.0,Credit Card,6.0
2022-09-02,46-55,IL,Female,Low,PPC,Beauty,Skincare,Neutrogena,Oil-Free Acne Wash,18.0,15.0,2.0,1.88,36.0,8.0,-2.0,Digital Wallet,4.0
2022-09-02,66+,TX,Male,Low,Others,Electronics,Smartphones,Apple,iPhone 14,914.0,700.0,3.0,1.92,2742.0,19.0,622.0,Digital Wallet,6.0
2022-09-02,56-65,PA,Female,Low,App,Home,Beds,Tempur-Pedic,Cloud Supreme,2031.0,1800.0,1.0,1.7,2031.0,18.0,213.0,Digital Wallet,5.0
2022-09-02,26-35,NY,Other,Low,Email,Beauty,Makeup,Maybelline,Lash Sensational Mascara,13.0,10.0,3.0,1.69,40.0,9.0,1.0,Digital Wallet,3.0
2022-09-02,26-35,NY,Male,Middle,App,Electronics,Smartphones,Apple,iPhone 14,979.0,700.0,1.0,1.15,979.0,12.0,266.0,Digital Wallet,5.0
2022-09-02,56-65,NY,Male,Middle,App,Home,Furniture,IKEA,Billy Bookcase,135.0,100.0,1.0,1.26,135.0,17.0,18.0,Debit Card,4.0
2022-09-02,18-25,NY,Male,Middle,Others,Beauty,Makeup,Maybelline,Lash Sensational Mascara,19.0,10.0,3.0,1.03,56.0,9.0,17.0,Digital Wallet,5.0
2022-09-02,18-25,TX,Male,Middle,Organic,Electronics,Smartphones,Samsung,Galaxy A32,336.0,250.0,2.0,1.14,672.0,14.0,158.0,Credit Card,5.0
2022-09-02,56-65,MI,Other,High,PPC,Home,Furniture,IKEA,Kallax Shelf,80.0,60.0,2.0,1.61,160.0,27.0,13.0,Credit Card,5.0
2022-09-02,46-55,NY,Female,Middle,Affiliates,Home,Furniture,IKEA,Billy Bookcase,154.0,100.0,2.0,0.79,308.0,27.0,80.0,Credit Card,4.0
2022-09-02,26-35,NC,Other,Middle,Affiliates,Clothing,Jeans,Levis,501 Original,91.0,60.0,2.0,1.5,182.0,11.0,50.0,Credit Card,4.0
2022-09-02,26-35,PA,Other,Middle,Others,Home,Beds,Tempur-Pedic,Cloud Supreme,2023.0,1800.0,1.0,1.71,2023.0,18.0,205.0,Debit Card,6.0
2022-09-02,26-35,GA,Female,Middle,Others,Clothing,Jeans,Levis,Slim Fit,69.0,50.0,1.0,1.32,69.0,5.0,14.0,Digital Wallet,3.0
2022-09-02,56-65,PA,Male,Low,Email,Electronics,Smartphones,Samsung,Galaxy S21,682.0,500.0,2.0,1.44,1364.0,16.0,349.0,Credit Card,4.0
2022-09-02,56-65,NY,Male,Middle,Organic,Clothing,T-Shirts,Nike,Dry-FIT,19.0,20.0,5.0,0.67,93.0,13.0,-20.0,BNPL,6.0
2022-09-02,46-55,FL,Male,Middle,Organic,Electronics,Smartphones,Samsung,Galaxy Z Fold 5,1747.0,1500.0,3.0,0.59,5240.0,20.0,720.0,Debit Card,5.0
2022-09-02,18-25,FL,Female,Middle,Email,Beauty,Makeup,Revlon,ColorStay Lipstick,17.0,15.0,5.0,1.35,87.0,8.0,4.0,Digital Wallet,5.0
2022-09-02,26-35,IL,Male,Middle,App,Clothing,Jeans,Levis,501 Original,79.0,60.0,2.0,1.93,159.0,9.0,30.0,Credit Card,4.0
2022-09-02,46-55,PA,Other,Middle,Email,Electronics,Smartphones,Apple,iPhone SE,567.0,400.0,1.0,1.9,567.0,11.0,157.0,BNPL,4.0
2022-09-02,56-65,TX,Male,High,Others,Home,Beds,Tempur-Pedic,Cloud Supreme,2040.0,1800.0,2.0,1.62,4080.0,28.0,452.0,Credit Card,5.0
2022-09-02,56-65,MI,Male,High,Affiliates,Beauty,Makeup,Maybelline,Lash Sensational Mascara,14.0,10.0,2.0,1.74,28.0,8.0,-0.0,Credit Card,3.0
2022-09-02,26-35,PA,Female,Middle,Email,Beauty,Skincare,Neutrogena,Hydro Boost Gel,26.0,20.0,4.0,1.43,106.0,9.0,17.0,Credit Card,6.0
2022-09-02,56-65,TX,Female,Low,Affiliates,Beauty,Makeup,Maybelline,Fit Me Foundation,22.0,15.0,4.0,1.7,89.0,7.0,22.0,Digital Wallet,6.0
2022-09-02,46-55,TX,Female,Low,Organic,Home,Furniture,IKEA,Kallax Shelf,63.0,60.0,8.0,1.63,503.0,84.0,-61.0,BNPL,9.0
2022-09-02,56-65,IL,Female,Low,Organic,Electronics,Smartphones,Apple,iPhone 15,1072.0,800.0,1.0,1.96,1072.0,11.0,260.0,Digital Wallet,2.0
2022-09-02,56-65,CA,Other,Low,PPC,Home,Furniture,IKEA,Kallax Shelf,56.0,60.0,1.0,1.01,56.0,12.0,-17.0,BNPL,4.0
2022-09-02,36-45,NY,Male,High,Email,Electronics,Laptops,Apple Laptop,MacBook Pro M3,1799.0,1500.0,1.0,1.58,1799.0,15.0,284.0,Debit Card,4.0
2022-09-02,46-55,CA,Other,High,Affiliates,Electronics,Laptops,Dell,Inspiron,760.0,600.0,2.0,1.65,1521.0,18.0,303.0,Digital Wallet,4.0
2022-09-02,66+,TX,Male,Middle,Affiliates,Beauty,Makeup,Revlon,ColorStay Lipstick,20.0,15.0,2.0,0.63,39.0,6.0,4.0,Debit Card,4.0
2022-09-02,46-55,GA,Male,Low,App,Home,Furniture,Ashley Furniture,Bed Frame,261.0,100.0,2.0,0.52,521.0,23.0,298.0,BNPL,5.0
2022-09-02,26-35,TX,Female,Middle,App,Home,Furniture,Ashley Furniture,Sofa,397.0,300.0,2.0,0.95,794.0,24.0,170.0,Debit Card,5.0
2022-09-02,36-45,CA,Male,Middle,PPC,Home,Furniture,IKEA,Billy Bookcase,140.0,100.0,1.0,1.32,140.0,12.0,28.0,Credit Card,4.0
2022-09-02,36-45,OH,Male,High,Affiliates,Beauty,Makeup,Maybelline,Fit Me Foundation,22.0,15.0,4.0,1.14,87.0,7.0,19.0,Credit Card,5.0
2022-09-02,26-35,PA,Male,Low,Affiliates,Beauty,Makeup,Maybelline,Fit Me Foundation,23.0,15.0,6.0,1.33,139.0,9.0,40.0,Credit Card,7.0
2022-09-02,56-65,GA,Female,High,Organic,Home,Furniture,IKEA,Billy Bookcase,110.0,100.0,1.0,0.89,110.0,13.0,-4.0,Digital Wallet,5.0
2022-09-02,36-45,CA,Male,Middle,Organic,Electronics,Laptops,Apple Laptop,MacBook Air M2,1269.0,1000.0,8.0,1.67,10151.0,66.0,2085.0,Credit Card,7.0
2022-09-02,56-65,PA,Female,Low,App,Electronics,Laptops,Apple Laptop,MacBook Air M2,1314.0,1000.0,2.0,0.56,2627.0,22.0,606.0,Debit Card,4.0
2022-09-02,66+,FL,Female,Low,Affiliates,Beauty,Makeup,Maybelline,Lash Sensational Mascara,13.0,10.0,1.0,1.88,13.0,6.0,-3.0,Credit Card,2.0
2022-09-02,66+,MI,Female,High,App,Electronics,Smartphones,Apple,iPhone 15,1067.0,800.0,1.0,0.66,1067.0,12.0,255.0,BNPL,3.0
2022-09-02,36-45,TX,Female,High,Organic,Beauty,Makeup,Revlon,ColorStay Lipstick,19.0,15.0,6.0,0.92,113.0,8.0,15.0,BNPL,5.0
2022-09-02,18-25,PA,Male,Low,Email,Beauty,Makeup,Revlon,ColorStay Lipstick,21.0,15.0,2.0,1.62,43.0,7.0,6.0,Debit Card,4.0
2022-09-02,18-25,OH,Male,High,Organic,Beauty,Makeup,Maybelline,Lash Sensational Mascara,14.0,10.0,1.0,1.77,14.0,5.0,-1.0,Credit Card,3.0
2022-09-02,56-65,NY,Female,High,App,Beauty,Makeup,Maybelline,Fit Me Foundation,21.0,15.0,4.0,1.04,84.0,10.0,15.0,Debit Card,5.0
2022-09-02,26-35,FL,Male,Low,Affiliates,Beauty,Skincare,Neutrogena,Hydro Boost Gel,27.0,20.0,2.0,1.77,53.0,7.0,7.0,Credit Card,3.0
2022-09-02,26-35,TX,Female,High,Email,Home,Beds,Serta,Perfect Sleeper,888.0,750.0,2.0,1.32,1776.0,28.0,247.0,Debit Card,4.0
2022-09-02,46-55,NY,Female,Middle,Email,Home,Furniture,IKEA,Billy Bookcase,144.0,100.0,2.0,0.54,288.0,27.0,61.0,Digital Wallet,9.0
2022-09-02,26-35,FL,Male,Middle,Others,Home,Furniture,IKEA,Billy Bookcase,139.0,100.0,2.0,0.96,279.0,25.0,53.0,Debit Card,6.0
2022-09-02,18-25,PA,Female,Low,App,Electronics,Smartphones,Samsung,Galaxy A32,351.0,250.0,2.0,0.95,703.0,16.0,187.0,BNPL,2.0
2022-09-02,36-45,TX,Female,Low,Organic,Electronics,Smartphones,Apple,iPhone 14,967.0,700.0,2.0,1.81,1934.0,14.0,520.0,Digital Wallet,4.0
2022-09-02,26-35,OH,Other,Middle,Affiliates,Electronics,Smartphones,Apple,iPhone 15,1073.0,800.0,1.0,1.46,1073.0,10.0,263.0,Digital Wallet,4.0
2022-09-02,36-45,TX,Other,Middle,Organic,Beauty,Makeup,Maybelline,Fit Me Foundation,20.0,15.0,5.0,1.89,102.0,7.0,20.0,Credit Card,7.0
2022-09-02,18-25,GA,Male,High,Email,Beauty,Makeup,Maybelline,Fit Me Foundation,18.0,15.0,2.0,1.35,36.0,5.0,1.0,Debit Card,4.0
2022-09-02,56-65,NC,Male,Low,Others,Home,Beds,Tempur-Pedic,Contour Elite,1981.0,1700.0,1.0,1.15,1981.0,20.0,261.0,Digital Wallet,6.0
2022-09-02,26-35,GA,Male,Middle,PPC,Home,Furniture,IKEA,Billy Bookcase,143.0,100.0,1.0,1.3,143.0,13.0,29.0,Credit Card,4.0
2022-09-02,18-25,OH,Other,Low,App,Home,Furniture,IKEA,Billy Bookcase,178.0,100.0,2.0,1.06,357.0,25.0,132.0,Credit Card,5.0
2022-09-02,36-45,OH,Other,Middle,Others,Electronics,Smartphones,Samsung,Galaxy S21,716.0,500.0,2.0,0.98,1432.0,15.0,417.0,Debit Card,3.0
2022-09-02,56-65,IL,Female,Middle,Organic,Clothing,Jeans,Levis,Bootcut,120.0,100.0,5.0,0.54,599.0,14.0,85.0,Debit Card,5.0
2022-09-02,36-45,CA,Female,High,Email,Beauty,Makeup,Revlon,PhotoReady Concealer,20.0,12.0,4.0,1.52,80.0,5.0,27.0,Debit Card,3.0
2022-09-02,46-55,PA,Other,High,Email,Beauty,Makeup,Maybelline,Fit Me Foundation,16.0,15.0,5.0,1.71,81.0,9.0,-3.0,Debit Card,2.0
2022-09-02,36-45,NY,Male,Middle,Affiliates,Electronics,Smartphones,Samsung,Galaxy Z Fold 5,1766.0,1500.0,12.0,1.32,21197.0,67.0,3130.0,Debit Card,9.0
2022-09-02,46-55,FL,Male,High,Organic,Home,Beds,Tempur-Pedic,Cloud Supreme,2075.0,1800.0,2.0,1.36,4149.0,29.0,520.0,Digital Wallet,5.0
2022-09-02,36-45,CA,Other,High,Organic,Home,Furniture,IKEA,Kallax Shelf,77.0,60.0,2.0,0.54,153.0,22.0,11.0,Debit Card,3.0
2022-09-02,26-35,CA,Female,Middle,Others,Electronics,Laptops,Apple Laptop,MacBook Pro M2,1240.0,1200.0,2.0,0.64,2481.0,18.0,62.0,Credit Card,4.0
2022-09-02,18-25,NY,Male,High,Affiliates,Electronics,Smartphones,Apple,iPhone 14,945.0,700.0,3.0,1.14,2835.0,22.0,713.0,Digital Wallet,4.0
2022-09-02,36-45,TX,Female,Middle,Email,Electronics,Smartphones,Apple,iPhone 15,1121.0,800.0,2.0,0.79,2242.0,14.0,627.0,Credit Card,5.0
2022-09-02,46-55,TX,Female,Low,Organic,Electronics,Smartphones,Apple,iPhone 14,981.0,700.0,3.0,0.55,2943.0,19.0,824.0,Digital Wallet,5.0
2022-09-02,18-25,MI,Female,Middle,App,Electronics,Smartphones,Samsung,Galaxy Z Fold 5,1697.0,1500.0,3.0,0.78,5091.0,22.0,569.0,Digital Wallet,5.0
2022-09-02,56-65,CA,Male,High,App,Electronics,Smartphones,Apple,iPhone SE,568.0,400.0,2.0,0.95,1136.0,12.0,324.0,Digital Wallet,5.0
2022-09-02,36-45,CA,Male,High,Others,Home,Furniture,IKEA,Billy Bookcase,142.0,100.0,1.0,1.38,142.0,12.0,30.0,BNPL,2.0
2022-09-02,56-65,TX,Other,High,Organic,Electronics,Smartphones,Samsung,Galaxy Z Fold 5,1720.0,1500.0,2.0,0.87,3440.0,14.0,425.0,Credit Card,4.0
2022-09-02,66+,GA,Male,Middle,App,Clothing,Jeans,Wrangler,Regular Fit,51.0,35.0,2.0,0.56,102.0,6.0,25.0,BNPL,4.0
2022-09-02,46-55,NC,Male,Middle,Affiliates,Home,Furniture,Ashley Furniture,Bed Frame,242.0,100.0,2.0,1.14,484.0,28.0,255.0,Digital Wallet,6.0
2022-09-02,26-35,OH,Other,Middle,Organic,Beauty,Makeup,Maybelline,Fit Me Foundation,18.0,15.0,2.0,1.69,36.0,6.0,-0.0,Credit Card,3.0
2022-09-02,26-35,NY,Female,Low,App,Clothing,Jeans,Levis,501 Original,87.0,60.0,2.0,0.75,173.0,10.0,43.0,Digital Wallet,5.0
2022-09-02,26-35,TX,Male,Middle,Organic,Electronics,Smartphones,Samsung,Galaxy S21,752.0,500.0,2.0,1.19,1505.0,14.0,490.0,Credit Card,4.0
2022-09-02,46-55,TX,Female,Middle,App,Electronics,Smartphones,Samsung,Galaxy S21,719.0,500.0,2.0,1.73,1439.0,14.0,424.0,Credit Card,5.0
2022-09-02,36-45,CA,Male,Low,Others,Beauty,Skincare,Neutrogena,Rapid Wrinkle Repair,28.0,20.0,2.0,1.52,56.0,4.0,12.0,Digital Wallet,3.0
2022-09-02,36-45,CA,Other,Middle,Others,Beauty,Makeup,Revlon,PhotoReady Concealer,15.0,12.0,3.0,0.8,46.0,4.0,6.0,Debit Card,3.0
2022-09-02,18-25,CA,Female,Middle,App,Electronics,Laptops,Apple Laptop,MacBook Air M2,1241.0,1000.0,2.0,1.14,2482.0,18.0,464.0,Credit Card,4.0
2022-09-02,56-65,CA,Female,High,Organic,Clothing,T-Shirts,Nike,Dry-FIT,29.0,20.0,4.0,1.43,117.0,7.0,30.0,Digital Wallet,5.0
2022-09-02,46-55,TX,Male,Middle,App,Home,Beds,Tempur-Pedic,Contour Elite,1981.0,1700.0,2.0,1.26,3963.0,28.0,535.0,Credit Card,5.0
2022-09-02,56-65,NC,Female,Low,App,Home,Furniture,IKEA,Kallax Shelf,63.0,60.0,2.0,1.65,127.0,28.0,-21.0,Debit Card,4.0
2022-09-02,46-55,IL,Female,High,Email,Beauty,Makeup,Maybelline,Lash Sensational Mascara,14.0,10.0,3.0,0.69,43.0,8.0,4.0,Digital Wallet,5.0
2022-09-02,26-35,NY,Other,Low,Others,Clothing,T-Shirts,Adidas,Essentials,44.0,35.0,5.0,1.75,218.0,13.0,29.0,Digital Wallet,5.0
2022-09-02,26-35,TX,Male,Low,Email,Electronics,Laptops,Dell,Inspiron,853.0,600.0,1.0,0.94,853.0,12.0,240.0,Debit Card,3.0
2022-09-02,36-45,PA,Other,Middle,App,Electronics,Laptops,Dell,XPS,1629.0,1300.0,2.0,1.85,3257.0,22.0,635.0,Credit Card,5.0
2022-09-02,18-25,NY,Other,High,Email,Clothing,Jeans,Wrangler,Authentics,43.0,30.0,3.0,1.1,128.0,12.0,26.0,Debit Card,4.0
2022-09-02,26-35,OH,Female,Low,Email,Electronics,Smartphones,Samsung,Galaxy S21,653.0,500.0,12.0,0.69,7833.0,65.0,1768.0,Credit Card,9.0
2022-09-02,66+,PA,Male,Middle,Organic,Beauty,Skincare,Neutrogena,Oil-Free Acne Wash,20.0,15.0,2.0,0.9,40.0,7.0,2.0,Credit Card,5.0
2022-09-02,36-45,TX,Male,Middle,App,Beauty,Makeup,Revlon,PhotoReady Concealer,16.0,12.0,3.0,1.13,48.0,6.0,6.0,BNPL,2.0
2022-09-02,46-55,NC,Other,Low,App,Electronics,Smartphones,Apple,iPhone SE,598.0,400.0,3.0,0.99,1793.0,23.0,570.0,Digital Wallet,5.0
2022-09-02,26-35,CA,Female,High,App,Home,Beds,Tempur-Pedic,Contour Elite,1891.0,1700.0,1.0,0.98,1891.0,14.0,176.0,Credit Card,5.0
2022-09-02,36-45,OH,Female,Low,Organic,Beauty,Skincare,Neutrogena,Hydro Boost Gel,27.0,20.0,2.0,1.66,54.0,6.0,8.0,Digital Wallet,4.0
2022-09-02,26-35,OH,Female,Middle,PPC,Electronics,Laptops,Apple Laptop,MacBook Air M2,1252.0,1000.0,1.0,1.11,1252.0,13.0,239.0,Debit Card,4.0
2022-09-02,18-25,GA,Other,Middle,App,Beauty,Skincare,Neutrogena,Hydro Boost Gel,23.0,20.0,4.0,0.76,93.0,6.0,7.0,Credit Card,6.0
2022-09-02,18-25,GA,Male,Middle,Organic,Clothing,T-Shirts,Adidas,Essentials,48.0,35.0,5.0,0.9,242.0,9.0,57.0,Debit Card,4.0
2022-09-02,36-45,NY,Female,High,Organic,Clothing,Jeans,Levis,Bootcut,116.0,100.0,2.0,1.33,231.0,10.0,21.0,Credit Card,4.0
2022-09-02,66+,CA,Male,High,Email,Electronics,Laptops,Apple Laptop,MacBook Pro M3,1704.0,1500.0,1.0,0.59,1704.0,10.0,194.0,Credit Card,3.0
2022-09-02,26-35,FL,Female,High,Organic,Electronics,Smartphones,Samsung,Galaxy Z Fold 5,1790.0,1500.0,1.0,1.92,1790.0,10.0,279.0,Credit Card,4.0
2022-09-02,56-65,TX,Female,High,Affiliates,Clothing,T-Shirts,Nike,Dry-FIT,35.0,20.0,2.0,1.68,70.0,7.0,23.0,Credit Card,2.0
